const image_t img1306_0001 = { 6, 8, { 124, 254, 130, 254, 124, 0 } };
const image_t img1306_0002 = { 6, 8, { 0, 4, 254, 254, 0, 0 } };
const image_t img1306_0003 = { 6, 8, { 196, 230, 178, 158, 140, 0 } };
const image_t img1306_0004 = { 6, 8, { 68, 198, 146, 254, 108, 0 } };
const image_t img1306_0005 = { 6, 8, { 96, 120, 70, 254, 254, 0 } };
const image_t img1306_0006 = { 6, 8, { 78, 206, 138, 250, 114, 0 } };
const image_t img1306_0007 = { 6, 8, { 124, 254, 146, 246, 100, 0 } };
const image_t img1306_0008 = { 6, 8, { 2, 226, 250, 30, 6, 0 } };
const image_t img1306_0009 = { 6, 8, { 108, 254, 146, 254, 108, 0 } };
const image_t img1306_000A = { 6, 8, { 76, 222, 146, 254, 124, 0 } };
const image_t img1306_000B = { 6, 8, { 126, 255, 129, 255, 126, 0 } };
const image_t img1306_000C = { 6, 8, { 0, 2, 255, 255, 0, 0 } };
const image_t img1306_000D = { 6, 8, { 194, 227, 177, 159, 142, 0 } };
const image_t img1306_000E = { 6, 8, { 66, 195, 137, 255, 118, 0 } };
const image_t img1306_000F = { 6, 8, { 112, 124, 67, 255, 255, 0 } };
const image_t img1306_0010 = { 6, 8, { 79, 207, 137, 249, 113, 0 } };
const image_t img1306_0011 = { 6, 8, { 126, 255, 137, 251, 114, 0 } };
const image_t img1306_0012 = { 6, 8, { 1, 225, 249, 31, 7, 0 } };
const image_t img1306_0013 = { 6, 8, { 118, 255, 137, 255, 118, 0 } };
const image_t img1306_0014 = { 6, 8, { 78, 223, 145, 255, 126, 0 } };
const image_t img1306_0015 = { 8, 16, { 254, 255, 1, 1, 1, 255, 254, 0, 1, 3, 2, 2, 2, 3, 1, 0 } };
const image_t img1306_0016 = { 8, 16, { 0, 0, 2, 255, 255, 0, 0, 0, 0, 0, 0, 3, 3, 0, 0, 0 } };
const image_t img1306_0017 = { 8, 16, { 2, 131, 193, 225, 113, 63, 30, 0, 3, 3, 3, 2, 2, 2, 2, 0 } };
const image_t img1306_0018 = { 8, 16, { 2, 3, 17, 17, 17, 255, 238, 0, 1, 3, 2, 2, 2, 3, 1, 0 } };
const image_t img1306_0019 = { 8, 16, { 192, 240, 156, 135, 255, 255, 128, 0, 0, 0, 0, 0, 3, 3, 0, 0 } };
const image_t img1306_001A = { 8, 16, { 31, 31, 17, 17, 17, 241, 225, 0, 1, 3, 2, 2, 2, 3, 1, 0 } };
const image_t img1306_001B = { 8, 16, { 254, 255, 17, 17, 17, 243, 226, 0, 1, 3, 2, 2, 2, 3, 1, 0 } };
const image_t img1306_001C = { 8, 16, { 1, 1, 193, 241, 57, 15, 7, 0, 0, 0, 3, 3, 0, 0, 0, 0 } };
const image_t img1306_001D = { 8, 16, { 238, 255, 17, 17, 17, 255, 238, 0, 1, 3, 2, 2, 2, 3, 1, 0 } };
const image_t img1306_001E = { 8, 16, { 30, 63, 33, 33, 33, 255, 254, 0, 1, 3, 2, 2, 2, 3, 1, 0 } };
const image_t img1306_001F = { 12, 16, { 0, 248, 252, 252, 14, 6, 6, 14, 252, 252, 248, 0, 0, 63, 127, 127, 224, 192, 192, 224, 127, 127, 63, 0 } };
const image_t img1306_0020 = { 12, 16, { 0, 0, 0, 48, 56, 254, 254, 254, 0, 0, 0, 0, 0, 0, 0, 0, 0, 255, 255, 255, 0, 0, 0, 0 } };
const image_t img1306_0021 = { 12, 16, { 0, 24, 28, 28, 14, 6, 6, 142, 252, 252, 248, 0, 0, 224, 240, 248, 252, 222, 207, 199, 195, 193, 192, 0 } };
const image_t img1306_0022 = { 12, 16, { 0, 24, 28, 28, 142, 134, 134, 206, 252, 124, 56, 0, 0, 48, 112, 112, 225, 193, 193, 227, 127, 127, 62, 0 } };
const image_t img1306_0023 = { 12, 16, { 0, 0, 0, 128, 224, 248, 62, 254, 254, 254, 0, 0, 0, 24, 30, 31, 31, 25, 24, 255, 255, 255, 24, 0 } };
const image_t img1306_0024 = { 12, 16, { 0, 254, 254, 254, 134, 198, 198, 198, 198, 134, 6, 0, 0, 51, 115, 115, 225, 192, 192, 225, 127, 127, 63, 0 } };
const image_t img1306_0025 = { 12, 16, { 0, 248, 252, 252, 142, 198, 198, 206, 220, 156, 24, 0, 0, 63, 127, 127, 225, 192, 192, 225, 127, 127, 63, 0 } };
const image_t img1306_0026 = { 12, 16, { 0, 6, 6, 6, 6, 6, 134, 230, 254, 254, 62, 0, 0, 0, 0, 0, 240, 254, 255, 31, 3, 0, 0, 0 } };
const image_t img1306_0027 = { 12, 16, { 0, 56, 124, 252, 206, 134, 134, 206, 252, 124, 56, 0, 0, 62, 127, 127, 227, 193, 193, 227, 127, 127, 62, 0 } };
const image_t img1306_0028 = { 12, 16, { 0, 248, 252, 252, 14, 6, 6, 14, 252, 252, 248, 0, 0, 49, 115, 119, 231, 198, 198, 227, 127, 127, 63, 0 } };
const image_t img1306_0029 = { 16, 24, { 0, 192, 240, 248, 248, 60, 28, 28, 28, 28, 60, 248, 248, 240, 192, 0, 0, 255, 255, 255, 255, 0, 0, 0, 0, 0, 0, 255, 255, 255, 255, 0, 0, 3, 15, 31, 31, 60, 56, 56, 56, 56, 60, 31, 31, 15, 3, 0 } };
const image_t img1306_002A = { 16, 24, { 0, 0, 0, 0, 96, 96, 112, 248, 252, 252, 252, 0, 0, 0, 0, 0, 0, 0, 0, 0, 0, 0, 0, 255, 255, 255, 255, 0, 0, 0, 0, 0, 0, 0, 0, 0, 0, 0, 0, 63, 63, 63, 63, 0, 0, 0, 0, 0 } };
const image_t img1306_002B = { 16, 24, { 0, 224, 240, 248, 248, 60, 28, 28, 28, 28, 60, 248, 248, 240, 192, 0, 0, 0, 0, 0, 0, 128, 192, 224, 240, 248, 124, 63, 31, 15, 3, 0, 0, 56, 60, 62, 63, 63, 63, 59, 57, 56, 56, 56, 56, 56, 56, 0 } };
const image_t img1306_002C = { 16, 24, { 0, 96, 112, 120, 120, 60, 28, 28, 28, 28, 60, 248, 248, 240, 192, 0, 0, 0, 0, 0, 0, 0, 28, 28, 28, 28, 62, 255, 255, 247, 227, 0, 0, 6, 14, 30, 30, 60, 56, 56, 56, 56, 60, 31, 31, 15, 3, 0 } };
const image_t img1306_002D = { 16, 24, { 0, 0, 0, 0, 0, 0, 192, 240, 252, 252, 252, 252, 252, 0, 0, 0, 0, 0, 192, 240, 252, 255, 63, 15, 3, 255, 255, 255, 255, 0, 0, 0, 0, 7, 7, 7, 7, 7, 7, 7, 7, 63, 63, 63, 63, 7, 7, 0 } };
const image_t img1306_002E = { 16, 24, { 0, 252, 252, 252, 252, 28, 28, 28, 28, 28, 28, 28, 28, 28, 0, 0, 0, 63, 63, 63, 63, 28, 14, 14, 14, 14, 30, 252, 252, 248, 240, 0, 0, 6, 14, 30, 30, 60, 56, 56, 56, 56, 60, 31, 31, 15, 3, 0 } };
const image_t img1306_002F = { 16, 24, { 0, 192, 240, 248, 248, 60, 28, 28, 28, 28, 60, 120, 120, 112, 96, 0, 0, 255, 255, 255, 255, 28, 14, 14, 14, 14, 30, 252, 252, 248, 240, 0, 0, 3, 15, 31, 31, 60, 56, 56, 56, 56, 60, 31, 31, 15, 3, 0 } };
const image_t img1306_0030 = { 16, 24, { 0, 28, 28, 28, 28, 28, 28, 28, 28, 28, 156, 252, 252, 252, 252, 0, 0, 0, 0, 0, 0, 0, 0, 192, 248, 254, 255, 127, 15, 3, 0, 0, 0, 0, 0, 0, 0, 0, 62, 63, 63, 63, 3, 0, 0, 0, 0, 0 } };
const image_t img1306_0031 = { 16, 24, { 0, 192, 240, 248, 248, 60, 28, 28, 28, 28, 60, 248, 248, 240, 192, 0, 0, 227, 247, 255, 255, 62, 28, 28, 28, 28, 62, 255, 255, 247, 227, 0, 0, 3, 15, 31, 31, 60, 56, 56, 56, 56, 60, 31, 31, 15, 3, 0 } };
const image_t img1306_0032 = { 16, 24, { 0, 192, 240, 248, 248, 60, 28, 28, 28, 28, 60, 248, 248, 240, 192, 0, 0, 15, 31, 63, 63, 120, 112, 112, 112, 112, 56, 255, 255, 255, 255, 0, 0, 6, 14, 30, 30, 60, 56, 56, 56, 56, 60, 31, 31, 15, 3, 0 } };
const image_t img1306_0033 = { 6, 8, { 252, 254, 34, 254, 252, 0 } };
const image_t img1306_0034 = { 6, 8, { 254, 254, 146, 254, 108, 0 } };
const image_t img1306_0035 = { 6, 8, { 124, 254, 130, 198, 68, 0 } };
const image_t img1306_0036 = { 6, 8, { 254, 254, 130, 254, 124, 0 } };
const image_t img1306_0037 = { 6, 8, { 254, 254, 146, 146, 130, 0 } };
const image_t img1306_0038 = { 6, 8, { 254, 254, 18, 18, 2, 0 } };
const image_t img1306_0039 = { 6, 8, { 124, 254, 130, 230, 228, 0 } };
const image_t img1306_003A = { 6, 8, { 254, 254, 16, 254, 254, 0 } };
const image_t img1306_003B = { 5, 8, { 130, 254, 254, 130, 0 } };
const image_t img1306_003C = { 6, 8, { 64, 192, 128, 254, 126, 0 } };
const image_t img1306_003D = { 6, 8, { 254, 254, 16, 254, 230, 0 } };
const image_t img1306_003E = { 6, 8, { 254, 254, 128, 128, 128, 0 } };
const image_t img1306_003F = { 8, 8, { 254, 252, 24, 48, 24, 252, 254, 0 } };
const image_t img1306_0040 = { 7, 8, { 254, 252, 24, 48, 126, 254, 0 } };
const image_t img1306_0041 = { 6, 8, { 124, 254, 130, 254, 124, 0 } };
const image_t img1306_0042 = { 6, 8, { 254, 254, 18, 30, 12, 0 } };
const image_t img1306_0043 = { 6, 8, { 124, 254, 130, 126, 188, 0 } };
const image_t img1306_0044 = { 6, 8, { 254, 254, 18, 254, 204, 0 } };
const image_t img1306_0045 = { 6, 8, { 76, 222, 146, 246, 100, 0 } };
const image_t img1306_0046 = { 5, 8, { 2, 254, 254, 2, 0 } };
const image_t img1306_0047 = { 6, 8, { 126, 254, 128, 254, 126, 0 } };
const image_t img1306_0048 = { 6, 8, { 62, 126, 192, 126, 62, 0 } };
const image_t img1306_0049 = { 9, 8, { 62, 126, 192, 126, 126, 192, 126, 62, 0 } };
const image_t img1306_004A = { 6, 8, { 238, 254, 16, 254, 238, 0 } };
const image_t img1306_004B = { 7, 8, { 14, 30, 240, 240, 30, 14, 0 } };
const image_t img1306_004C = { 6, 8, { 226, 242, 154, 142, 134, 0 } };
const image_t img1306_004D = { 6, 8, { 64, 232, 168, 248, 240, 0 } };
const image_t img1306_004E = { 6, 8, { 254, 254, 136, 248, 112, 0 } };
const image_t img1306_004F = { 5, 8, { 112, 248, 136, 136, 0 } };
const image_t img1306_0050 = { 6, 8, { 112, 248, 136, 254, 254, 0 } };
const image_t img1306_0051 = { 6, 8, { 112, 248, 168, 184, 176, 0 } };
const image_t img1306_0052 = { 4, 8, { 252, 254, 10, 0 } };
const image_t img1306_0053 = { 6, 8, { 28, 190, 162, 254, 126, 0 } };
const image_t img1306_0054 = { 6, 8, { 254, 254, 8, 248, 240, 0 } };
const image_t img1306_0055 = { 3, 8, { 250, 250, 0 } };
const image_t img1306_0056 = { 4, 8, { 128, 253, 125, 0 } };
const image_t img1306_0057 = { 6, 8, { 254, 254, 32, 248, 216, 0 } };
const image_t img1306_0058 = { 3, 8, { 254, 254, 0 } };
const image_t img1306_0059 = { 9, 8, { 248, 248, 8, 248, 248, 8, 248, 240, 0 } };
const image_t img1306_005A = { 6, 8, { 248, 248, 8, 248, 240, 0 } };
const image_t img1306_005B = { 6, 8, { 112, 248, 136, 248, 112, 0 } };
const image_t img1306_005C = { 6, 8, { 254, 254, 34, 62, 28, 0 } };
const image_t img1306_005D = { 6, 8, { 28, 62, 34, 254, 254, 0 } };
const image_t img1306_005E = { 5, 8, { 240, 248, 8, 8, 0 } };
const image_t img1306_005F = { 5, 8, { 176, 184, 232, 104, 0 } };
const image_t img1306_0060 = { 4, 8, { 126, 254, 136, 0 } };
const image_t img1306_0061 = { 6, 8, { 120, 248, 128, 248, 248, 0 } };
const image_t img1306_0062 = { 6, 8, { 56, 120, 192, 120, 56, 0 } };
const image_t img1306_0063 = { 8, 8, { 120, 248, 192, 112, 192, 248, 120, 0 } };
const image_t img1306_0064 = { 6, 8, { 216, 248, 32, 248, 216, 0 } };
const image_t img1306_0065 = { 6, 8, { 30, 190, 160, 254, 126, 0 } };
const image_t img1306_0066 = { 6, 8, { 200, 232, 184, 152, 136, 0 } };
const image_t img1306_0067 = { 7, 8, { 70, 207, 153, 153, 243, 98, 0 } };
const image_t img1306_0068 = { 7, 8, { 63, 127, 192, 192, 127, 63, 0 } };
const image_t img1306_0069 = { 9, 8, { 63, 127, 192, 127, 127, 192, 127, 63, 0 } };
const image_t img1306_006A = { 4, 8, { 0, 0, 0, 0 } };
const image_t img1306_006B = { 1, 8, { 0 } };
const image_t img1306_006C = { 5, 8, { 0, 16, 56, 124, 0 } };
const image_t img1306_006D = { 7, 8, { 188, 254, 194, 2, 194, 254, 188 } };
const image_t img1306_006E = { 3, 8, { 192, 192, 0 } };
const image_t img1306_006F = { 6, 8, { 6, 198, 112, 28, 198, 192 } };
const image_t img1306_0070 = { 7, 8, { 248, 254, 249, 249, 249, 254, 248 } };
const image_t img1306_0071 = { 46, 16, { 254, 2, 2, 2, 2, 2, 2, 2, 2, 2, 2, 2, 2, 2, 2, 2, 2, 2, 2, 2, 2, 2, 2, 2, 2, 2, 2, 2, 2, 2, 2, 2, 2, 2, 2, 2, 2, 2, 2, 2, 2, 2, 2, 14, 240, 224, 15, 8, 8, 8, 8, 8, 8, 8, 8, 8, 8, 8, 8, 8, 8, 8, 8, 8, 8, 8, 8, 8, 8, 8, 8, 8, 8, 8, 8, 8, 8, 8, 8, 8, 8, 8, 8, 8, 8, 8, 8, 8, 8, 14, 1, 0 } };
const image_t img1306_0072 = { 46, 16, { 254, 2, 250, 250, 250, 250, 250, 250, 250, 250, 250, 250, 250, 250, 250, 250, 250, 250, 250, 186, 154, 138, 38, 50, 186, 254, 250, 250, 250, 250, 250, 250, 250, 250, 250, 250, 250, 250, 250, 250, 250, 250, 2, 14, 240, 224, 15, 8, 11, 11, 11, 11, 11, 11, 11, 11, 11, 11, 11, 11, 11, 11, 11, 11, 15, 11, 9, 12, 10, 11, 11, 11, 11, 11, 11, 11, 11, 11, 11, 11, 11, 11, 11, 11, 11, 11, 11, 11, 8, 14, 1, 0 } };
const image_t img1306_0073 = { 8, 8, { 6, 6, 0, 254, 254, 18, 18, 2 } };
const image_t img1306_0074 = { 8, 8, { 6, 6, 0, 124, 254, 130, 198, 68 } };
const image_t img1306_0075 = { 5, 8, { 0, 124, 56, 16, 0 } };
const image_t img1306_0076 = { 3, 16, { 0, 0, 0, 3, 3, 0 } };
const image_t img1306_0077 = { 3, 16, { 140, 140, 0, 1, 1, 0 } };
const image_t img1306_0078 = { 2, 16, { 0, 0, 192, 192 } };
const image_t img1306_0079 = { 16, 16, { 0, 24, 36, 36, 24, 0, 0, 240, 248, 252, 12, 12, 12, 60, 56, 48, 0, 0, 0, 0, 0, 0, 0, 31, 63, 127, 96, 96, 96, 120, 56, 24 } };
const image_t img1306_007A = { 16, 16, { 0, 24, 36, 36, 24, 0, 0, 252, 252, 252, 12, 12, 12, 12, 12, 0, 0, 0, 0, 0, 0, 0, 0, 127, 127, 127, 3, 3, 3, 3, 0, 0 } };
const image_t img1306_007B = { 31, 16, { 252, 4, 4, 4, 4, 4, 4, 4, 4, 4, 4, 4, 4, 4, 4, 4, 4, 4, 4, 4, 4, 4, 4, 4, 4, 4, 4, 4, 28, 224, 192, 31, 16, 16, 16, 16, 16, 16, 16, 16, 16, 16, 16, 16, 16, 16, 16, 16, 16, 16, 16, 16, 16, 16, 16, 16, 16, 16, 16, 28, 3, 1 } };
const image_t img1306_007C = { 31, 16, { 252, 4, 244, 244, 244, 244, 244, 244, 244, 244, 244, 244, 116, 52, 20, 76, 100, 116, 252, 244, 244, 244, 244, 244, 244, 244, 244, 4, 28, 224, 192, 31, 16, 23, 23, 23, 23, 23, 23, 23, 23, 23, 31, 23, 19, 25, 20, 22, 23, 23, 23, 23, 23, 23, 23, 23, 23, 23, 16, 28, 3, 1 } };
const image_t img1306_007D = { 5, 24, { 0, 0, 0, 0, 0, 0, 0, 0, 0, 0, 0, 56, 56, 56, 0 } };
const image_t img1306_007E = { 5, 8, { 192, 112, 28, 6, 0 } };
const image_t img1306_007F = { 2, 8, { 72, 0 } };
const image_t img1306_0080 = { 4, 8, { 24, 60, 60, 24 } };
const image_t img1306_0081 = { 6, 8, { 16, 16, 124, 16, 16, 0 } };
const image_t img1306_0082 = { 6, 8, { 16, 16, 16, 16, 16, 0 } };
const image_t img1306_0083 = { 6, 8, { 2, 178, 186, 14, 4, 0 } };
const image_t img1306_0084 = { 13, 16, { 12, 18, 18, 12, 0, 248, 252, 254, 6, 6, 30, 28, 24, 0, 0, 0, 0, 0, 63, 127, 255, 192, 192, 240, 112, 48 } };
const image_t img1306_0085 = { 13, 16, { 12, 18, 18, 12, 0, 254, 254, 254, 134, 134, 134, 134, 6, 0, 0, 0, 0, 0, 255, 255, 255, 1, 1, 1, 1, 0 } };
const image_t img1306_0086 = { 13, 16, { 126, 254, 254, 224, 0, 254, 254, 254, 0, 224, 254, 254, 62, 0, 15, 255, 255, 255, 63, 7, 63, 255, 255, 255, 15, 0 } };
const image_t img1306_0087 = { 8, 16, { 254, 2, 3, 1, 1, 3, 2, 254, 255, 128, 128, 128, 128, 128, 128, 255 } };
const image_t img1306_0088 = { 8, 16, { 254, 2, 3, 129, 193, 35, 2, 254, 255, 128, 137, 135, 131, 129, 128, 255 } };
const image_t img1306_0089 = { 14, 32, { 0, 240, 252, 254, 255, 31, 15, 15, 31, 255, 254, 252, 240, 0, 0, 255, 255, 255, 255, 0, 0, 0, 0, 255, 255, 255, 255, 0, 0, 255, 255, 255, 255, 0, 0, 0, 0, 255, 255, 255, 255, 0, 0, 15, 63, 127, 255, 248, 240, 240, 248, 255, 127, 63, 15, 0 } };
const image_t img1306_008A = { 14, 32, { 0, 0, 0, 112, 112, 120, 252, 255, 255, 255, 0, 0, 0, 0, 0, 0, 0, 0, 0, 0, 255, 255, 255, 255, 0, 0, 0, 0, 0, 0, 0, 0, 0, 0, 255, 255, 255, 255, 0, 0, 0, 0, 0, 0, 0, 0, 0, 0, 255, 255, 255, 255, 0, 0, 0, 0 } };
const image_t img1306_008B = { 14, 32, { 0, 240, 252, 254, 255, 31, 15, 15, 31, 255, 254, 252, 240, 0, 0, 0, 0, 0, 0, 0, 0, 128, 224, 255, 255, 255, 63, 0, 0, 0, 0, 128, 224, 248, 254, 255, 63, 15, 3, 0, 0, 0, 0, 248, 254, 255, 255, 255, 243, 240, 240, 240, 240, 240, 240, 0 } };
const image_t img1306_008C = { 14, 32, { 0, 240, 252, 254, 255, 31, 15, 15, 31, 255, 254, 252, 240, 0, 0, 0, 0, 0, 0, 192, 192, 192, 224, 255, 255, 127, 31, 0, 0, 0, 0, 0, 0, 3, 3, 3, 7, 255, 255, 254, 248, 0, 0, 15, 63, 127, 255, 248, 240, 240, 248, 255, 127, 63, 15, 0 } };
const image_t img1306_008D = { 14, 32, { 0, 0, 0, 0, 0, 192, 248, 255, 255, 255, 255, 255, 0, 0, 0, 0, 128, 240, 254, 255, 63, 7, 255, 255, 255, 255, 0, 0, 0, 252, 255, 255, 255, 227, 224, 224, 255, 255, 255, 255, 224, 0, 0, 1, 1, 1, 1, 1, 1, 1, 255, 255, 255, 255, 1, 0 } };
const image_t img1306_008E = { 14, 32, { 0, 255, 255, 255, 255, 15, 15, 15, 15, 15, 15, 15, 0, 0, 0, 255, 255, 255, 255, 224, 240, 240, 240, 240, 224, 224, 128, 0, 0, 3, 3, 3, 3, 1, 0, 0, 1, 255, 255, 255, 255, 0, 0, 15, 63, 127, 255, 248, 240, 240, 248, 255, 127, 63, 15, 0 } };
const image_t img1306_008F = { 14, 32, { 0, 240, 252, 254, 255, 31, 15, 15, 31, 255, 254, 252, 240, 0, 0, 255, 255, 255, 255, 224, 240, 240, 240, 240, 224, 224, 128, 0, 0, 255, 255, 255, 255, 1, 0, 0, 1, 255, 255, 255, 255, 0, 0, 15, 63, 127, 255, 248, 240, 240, 248, 255, 127, 63, 15, 0 } };
const image_t img1306_0090 = { 14, 32, { 0, 15, 15, 15, 15, 15, 15, 15, 143, 255, 255, 255, 255, 0, 0, 0, 0, 0, 0, 0, 224, 252, 255, 255, 63, 7, 0, 0, 0, 0, 0, 0, 128, 254, 255, 255, 255, 3, 0, 0, 0, 0, 0, 0, 0, 0, 255, 255, 255, 255, 0, 0, 0, 0, 0, 0 } };
const image_t img1306_0091 = { 14, 32, { 0, 240, 252, 254, 254, 31, 15, 15, 31, 254, 254, 252, 240, 0, 0, 31, 127, 255, 255, 224, 192, 192, 224, 255, 255, 127, 31, 0, 0, 248, 254, 255, 255, 7, 3, 3, 7, 255, 255, 254, 248, 0, 0, 15, 63, 127, 255, 248, 240, 240, 248, 255, 127, 63, 15, 0 } };
const image_t img1306_0092 = { 14, 32, { 0, 240, 252, 254, 255, 31, 15, 15, 31, 255, 254, 252, 240, 0, 0, 255, 255, 255, 255, 128, 0, 0, 128, 255, 255, 255, 255, 0, 0, 1, 7, 7, 15, 15, 15, 15, 7, 255, 255, 255, 255, 0, 0, 15, 63, 127, 255, 248, 240, 240, 248, 255, 127, 63, 15, 0 } };
const image_t img1306_0093 = { 4, 32, { 0, 0, 0, 0, 0, 0, 0, 0, 0, 0, 0, 0, 240, 240, 240, 240 } };
const image_t img1306_0094 = { 18, 32, { 14, 17, 17, 17, 14, 0, 240, 252, 254, 255, 31, 15, 15, 31, 255, 254, 252, 240, 0, 0, 0, 0, 0, 0, 255, 255, 255, 255, 0, 0, 0, 0, 0, 0, 0, 0, 0, 0, 0, 0, 0, 0, 255, 255, 255, 255, 0, 0, 0, 0, 0, 0, 0, 0, 0, 0, 0, 0, 0, 0, 15, 63, 127, 255, 248, 240, 240, 248, 255, 127, 63, 15 } };
const image_t img1306_0095 = { 18, 32, { 14, 17, 17, 17, 14, 0, 255, 255, 255, 255, 15, 15, 15, 15, 15, 15, 15, 15, 0, 0, 0, 0, 0, 0, 255, 255, 255, 255, 224, 224, 224, 224, 224, 0, 0, 0, 0, 0, 0, 0, 0, 0, 255, 255, 255, 255, 1, 1, 1, 1, 1, 0, 0, 0, 0, 0, 0, 0, 0, 0, 255, 255, 255, 255, 0, 0, 0, 0, 0, 0, 0, 0 } };
const image_t img1306_0096 = { 18, 32, { 255, 255, 255, 255, 0, 0, 0, 255, 255, 255, 255, 0, 0, 0, 255, 255, 255, 255, 1, 255, 255, 255, 255, 0, 255, 255, 255, 255, 255, 255, 0, 255, 255, 255, 255, 1, 0, 1, 255, 255, 255, 255, 255, 255, 1, 1, 255, 255, 255, 255, 255, 255, 1, 0, 0, 0, 1, 255, 255, 255, 255, 0, 0, 0, 0, 255, 255, 255, 255, 1, 0, 0 } };
const image_t img1306_0097 = { 5, 8, { 144, 216, 124, 54, 18 } };
const image_t img1306_0098 = { 14, 8, { 254, 130, 186, 186, 186, 186, 186, 186, 186, 186, 186, 130, 254, 56 } };
const image_t img1306_0099 = { 7, 8, { 56, 68, 128, 142, 128, 68, 56 } };
const image_t img1306_009A = { 7, 8, { 56, 68, 130, 154, 146, 68, 56 } };
const image_t img1306_009B = { 5, 8, { 96, 254, 254, 96, 10 } };
const image_t img1306_009C = { 14, 8, { 48, 120, 248, 252, 254, 182, 170, 170, 218, 254, 252, 248, 120, 48 } };
const image_t img1306_009D = { 14, 8, { 48, 120, 248, 252, 254, 130, 246, 238, 130, 254, 252, 248, 120, 48 } };
const image_t img1306_009E = { 13, 8, { 252, 2, 28, 34, 28, 34, 28, 34, 28, 34, 28, 2, 252 } };
const image_t img1306_009F = { 14, 8, { 254, 130, 186, 130, 186, 130, 146, 146, 130, 186, 130, 186, 130, 254 } };
const image_t img1306_00A0 = { 64, 80, { 0, 0, 0, 248, 254, 255, 31, 63, 255, 255, 254, 252, 248, 240, 240, 192, 192, 128, 0, 0, 0, 0, 0, 0, 0, 0, 0, 0, 0, 0, 0, 0, 0, 0, 0, 0, 0, 0, 0, 0, 0, 0, 0, 0, 0, 0, 128, 192, 192, 240, 240, 248, 252, 254, 255, 255, 63, 31, 255, 254, 248, 0, 0, 0, 0, 240, 255, 63, 3, 0, 0, 0, 0, 3, 31, 255, 255, 255, 255, 255, 255, 255, 254, 254, 248, 240, 204, 158, 62, 254, 252, 252, 252, 252, 248, 248, 248, 248, 252, 252, 252, 252, 254, 62, 158, 204, 240, 248, 254, 254, 255, 255, 255, 255, 255, 255, 255, 31, 3, 0, 0, 0, 0, 3, 63, 255, 240, 0, 0, 127, 255, 248, 192, 128, 224, 224, 252, 248, 224, 234, 255, 255, 255, 255, 255, 255, 255, 255, 255, 255, 255, 255, 255, 255, 255, 255, 255, 255, 255, 255, 255, 255, 255, 255, 255, 255, 255, 255, 255, 255, 255, 255, 255, 255, 255, 255, 255, 255, 255, 255, 234, 224, 248, 252, 224, 224, 128, 192, 248, 255, 127, 0, 0, 240, 247, 255, 255, 255, 255, 255, 255, 255, 255, 255, 255, 255, 255, 255, 255, 255, 255, 255, 255, 255, 255, 255, 255, 255, 255, 255, 255, 255, 255, 255, 255, 255, 255, 255, 255, 255, 255, 255, 255, 255, 255, 255, 255, 255, 255, 255, 255, 255, 255, 255, 255, 255, 255, 255, 255, 255, 255, 255, 255, 247, 240, 0, 0, 0, 35, 111, 255, 255, 255, 255, 255, 255, 255, 255, 255, 239, 143, 15, 15, 15, 15, 15, 31, 31, 63, 63, 255, 255, 255, 255, 255, 255, 255, 255, 255, 255, 255, 255, 255, 255, 255, 255, 63, 63, 31, 31, 15, 15, 15, 15, 15, 143, 239, 255, 255, 255, 255, 255, 255, 255, 255, 255, 111, 35, 0, 0, 0, 0, 0, 0, 1, 3, 7, 7, 15, 31, 31, 63, 63, 127, 255, 254, 252, 252, 248, 248, 248, 248, 248, 248, 252, 255, 255, 255, 255, 255, 255, 255, 255, 255, 255, 255, 255, 255, 255, 252, 248, 248, 248, 248, 248, 248, 252, 252, 254, 255, 127, 63, 63, 31, 31, 15, 7, 7, 3, 1, 0, 0, 0, 0, 0, 0, 0, 0, 0, 0, 0, 0, 0, 0, 0, 0, 0, 0, 0, 0, 1, 3, 7, 63, 255, 255, 255, 255, 255, 255, 255, 255, 255, 127, 127, 127, 127, 127, 127, 255, 255, 255, 255, 255, 255, 255, 255, 255, 63, 7, 3, 1, 0, 0, 0, 0, 0, 0, 0, 0, 0, 0, 0, 0, 0, 0, 0, 0, 0, 0, 0, 0, 0, 0, 0, 0, 0, 0, 0, 0, 0, 0, 0, 0, 0, 0, 0, 0, 1, 7, 15, 15, 31, 63, 63, 49, 96, 96, 96, 96, 96, 96, 96, 96, 49, 63, 63, 31, 15, 15, 7, 1, 0, 0, 0, 0, 0, 0, 0, 0, 0, 0, 0, 0, 0, 0, 0, 0, 0, 0, 0, 0, 0, 128, 192, 96, 48, 48, 240, 240, 0, 128, 128, 0, 128, 128, 128, 0, 0, 0, 128, 128, 128, 128, 0, 128, 128, 240, 240, 128, 128, 0, 0, 176, 176, 0, 0, 0, 128, 128, 128, 128, 0, 0, 240, 240, 48, 48, 48, 48, 0, 0, 128, 128, 128, 0, 0, 0, 128, 128, 0, 0, 0, 128, 128, 0, 0, 255, 255, 48, 48, 48, 255, 255, 0, 255, 255, 3, 1, 1, 1, 0, 62, 127, 193, 193, 193, 193, 0, 1, 1, 127, 255, 193, 193, 192, 0, 255, 255, 0, 62, 127, 193, 193, 193, 193, 0, 0, 255, 255, 6, 6, 6, 0, 62, 127, 193, 193, 193, 127, 62, 0, 193, 227, 127, 28, 127, 227, 193, 0 } };
const image_t img1306_00A1 = { 15, 16, { 126, 195, 230, 252, 248, 240, 248, 248, 248, 240, 248, 252, 230, 195, 126, 7, 15, 31, 28, 56, 121, 159, 159, 159, 121, 56, 28, 31, 15, 7 } };
const image_t img1306_00A2 = { 64, 32, { 0, 0, 0, 0, 0, 252, 2, 2, 2, 2, 50, 122, 122, 50, 2, 2, 2, 2, 252, 0, 0, 0, 0, 0, 0, 0, 0, 0, 0, 0, 0, 0, 0, 0, 0, 0, 0, 0, 0, 0, 0, 0, 252, 34, 34, 34, 34, 34, 42, 42, 42, 42, 34, 34, 34, 34, 34, 252, 0, 0, 0, 0, 0, 0, 0, 0, 0, 0, 0, 255, 0, 0, 254, 2, 2, 2, 2, 2, 2, 254, 0, 0, 255, 0, 0, 0, 0, 0, 96, 192, 128, 0, 0, 96, 192, 128, 0, 0, 96, 192, 128, 0, 0, 0, 0, 0, 255, 0, 0, 0, 0, 128, 192, 224, 48, 8, 0, 0, 0, 0, 0, 255, 0, 0, 0, 0, 0, 0, 0, 0, 0, 0, 0, 255, 0, 0, 255, 128, 128, 128, 128, 128, 128, 255, 0, 0, 255, 0, 0, 0, 0, 0, 6, 3, 1, 0, 0, 6, 3, 1, 0, 0, 6, 3, 1, 0, 0, 0, 0, 0, 255, 0, 0, 0, 1, 1, 33, 25, 15, 7, 3, 1, 0, 0, 0, 255, 0, 0, 0, 0, 0, 0, 0, 0, 0, 0, 0, 63, 64, 64, 64, 76, 76, 64, 64, 76, 76, 64, 64, 64, 63, 0, 0, 0, 0, 0, 0, 0, 0, 0, 0, 0, 0, 0, 0, 0, 0, 0, 0, 0, 0, 0, 0, 0, 63, 68, 68, 68, 68, 68, 68, 84, 84, 68, 68, 68, 68, 68, 68, 63, 0, 0, 0, 0, 0, 0 } };
const image_t img1306_00A3 = { 6, 8, { 124, 130, 130, 130, 124, 0 } };
const image_t img1306_00A4 = { 6, 8, { 0, 4, 254, 0, 0, 0 } };
const image_t img1306_00A5 = { 6, 8, { 132, 194, 162, 146, 140, 0 } };
const image_t img1306_00A6 = { 6, 8, { 68, 130, 146, 146, 108, 0 } };
const image_t img1306_00A7 = { 6, 8, { 96, 88, 70, 254, 64, 0 } };
const image_t img1306_00A8 = { 6, 8, { 78, 138, 138, 138, 114, 0 } };
const image_t img1306_00A9 = { 6, 8, { 124, 146, 146, 146, 100, 0 } };
const image_t img1306_00AA = { 6, 8, { 2, 194, 50, 10, 6, 0 } };
const image_t img1306_00AB = { 6, 8, { 108, 146, 146, 146, 108, 0 } };
const image_t img1306_00AC = { 6, 8, { 76, 146, 146, 146, 124, 0 } };
const image_t img1306_00AD = { 2, 8, { 128, 0 } };
const image_t img1306_00AE = { 7, 8, { 188, 194, 2, 2, 194, 188, 0 } };
const image_t img1306_00AF = { 8, 8, { 6, 6, 0, 124, 130, 130, 130, 68 } };
const image_t img1306_00B0 = { 8, 8, { 6, 6, 0, 254, 18, 18, 18, 2 } };
const image_t img1306_00B1 = { 6, 8, { 252, 34, 34, 34, 252, 0 } };
const image_t img1306_00B2 = { 6, 8, { 6, 56, 192, 56, 6, 0 } };
const image_t img1306_00B3 = { 8, 8, { 62, 192, 48, 12, 48, 192, 62, 0 } };
const image_t img1306_00B4 = { 5, 8, { 144, 168, 168, 72, 0 } };
const image_t img1306_00B5 = { 3, 8, { 108, 108, 0 } };
const image_t img1306_00B6 = { 7, 8, { 58, 70, 142, 0, 226, 196, 184 } };
const image_t img1306_00B7 = { 10, 32, { 254, 2, 2, 1, 1, 1, 1, 2, 2, 254, 255, 0, 0, 0, 0, 0, 0, 0, 0, 255, 255, 0, 0, 0, 0, 0, 0, 0, 0, 255, 255, 128, 128, 128, 128, 128, 128, 128, 128, 255 } };
const image_t img1306_00B8 = { 10, 32, { 254, 2, 250, 249, 249, 249, 25, 250, 2, 254, 255, 0, 255, 63, 7, 96, 126, 255, 0, 255, 255, 0, 255, 126, 6, 224, 252, 255, 0, 255, 255, 128, 191, 184, 191, 191, 191, 191, 128, 255 } };
const image_t img1306_00B9 = { 4, 16, { 128, 120, 7, 0, 3, 0, 0, 0 } };
const image_t img1306_00BA = { 30, 8, { 255, 129, 129, 129, 129, 129, 129, 129, 129, 129, 129, 129, 129, 129, 129, 129, 129, 129, 129, 129, 129, 129, 129, 129, 129, 129, 129, 129, 231, 60 } };
const image_t img1306_00BB = { 7, 16, { 254, 1, 1, 1, 1, 254, 0, 1, 2, 2, 2, 2, 1, 0 } };
const image_t img1306_00BC = { 7, 16, { 0, 0, 4, 2, 255, 0, 0, 0, 0, 0, 0, 3, 0, 0 } };
const image_t img1306_00BD = { 7, 16, { 2, 129, 65, 33, 17, 14, 0, 3, 2, 2, 2, 2, 2, 0 } };
const image_t img1306_00BE = { 7, 16, { 2, 17, 17, 17, 17, 238, 0, 1, 2, 2, 2, 2, 1, 0 } };
const image_t img1306_00BF = { 7, 16, { 192, 176, 140, 131, 255, 128, 0, 0, 0, 0, 0, 3, 0, 0 } };
const image_t img1306_00C0 = { 7, 16, { 31, 17, 17, 17, 17, 225, 0, 1, 2, 2, 2, 2, 1, 0 } };
const image_t img1306_00C1 = { 7, 16, { 254, 17, 17, 17, 17, 226, 0, 1, 2, 2, 2, 2, 1, 0 } };
const image_t img1306_00C2 = { 7, 16, { 1, 1, 129, 97, 25, 7, 0, 0, 0, 3, 0, 0, 0, 0 } };
const image_t img1306_00C3 = { 7, 16, { 238, 17, 17, 17, 17, 238, 0, 1, 2, 2, 2, 2, 1, 0 } };
const image_t img1306_00C4 = { 7, 16, { 30, 33, 33, 33, 33, 254, 0, 1, 2, 2, 2, 2, 1, 0 } };
const image_t img1306_00C5 = { 2, 16, { 0, 0, 2, 0 } };
const image_t img1306_00C6 = { 2, 16, { 132, 0, 0, 0 } };
const image_t img1306_00C7 = { 7, 16, { 124, 130, 1, 1, 1, 130, 124, 2, 2, 3, 0, 3, 2, 2 } };
const image_t img1306_00C8 = { 7, 16, { 240, 254, 241, 241, 241, 254, 240, 3, 3, 3, 3, 3, 3, 3 } };
const image_t img1306_00C9 = { 6, 16, { 134, 73, 38, 144, 72, 132, 0, 0, 0, 1, 2, 1 } };
const image_t img1306_00CA = { 7, 16, { 252, 66, 65, 65, 65, 66, 252, 3, 0, 0, 0, 0, 0, 3 } };
const image_t img1306_00CB = { 7, 16, { 3, 28, 224, 0, 224, 28, 3, 0, 0, 0, 3, 0, 0, 0 } };
const image_t img1306_00CC = { 7, 16, { 63, 192, 56, 7, 56, 192, 63, 0, 3, 0, 0, 0, 3, 0 } };
const image_t img1306_00CD = { 7, 16, { 14, 17, 17, 17, 33, 33, 194, 1, 2, 2, 2, 2, 2, 1 } };
const image_t img1306_00CE = { 7, 16, { 252, 2, 1, 1, 1, 1, 2, 0, 1, 2, 2, 2, 2, 1 } };
const image_t img1306_00CF = { 7, 16, { 255, 17, 17, 17, 17, 17, 1, 3, 0, 0, 0, 0, 0, 0 } };
const image_t img1306_00D0 = { 5, 8, { 6, 9, 9, 6, 0 } };

