const image_t img1306_0001 = { 6, 8, { 62, 127, 65, 127, 62, 0 } };
const image_t img1306_0002 = { 6, 8, { 0, 2, 127, 127, 0, 0 } };
const image_t img1306_0003 = { 6, 8, { 98, 115, 89, 79, 70, 0 } };
const image_t img1306_0004 = { 6, 8, { 34, 99, 73, 127, 54, 0 } };
const image_t img1306_0005 = { 6, 8, { 48, 60, 35, 127, 127, 0 } };
const image_t img1306_0006 = { 6, 8, { 39, 103, 69, 125, 57, 0 } };
const image_t img1306_0007 = { 6, 8, { 62, 127, 73, 123, 50, 0 } };
const image_t img1306_0008 = { 6, 8, { 1, 113, 125, 15, 3, 0 } };
const image_t img1306_0009 = { 6, 8, { 54, 127, 73, 127, 54, 0 } };
const image_t img1306_000A = { 6, 8, { 38, 111, 73, 127, 62, 0 } };
const image_t img1306_000B = { 6, 8, { 126, 255, 129, 255, 126, 0 } };
const image_t img1306_000C = { 6, 8, { 0, 2, 255, 255, 0, 0 } };
const image_t img1306_000D = { 6, 8, { 194, 227, 177, 159, 142, 0 } };
const image_t img1306_000E = { 6, 8, { 66, 195, 137, 255, 118, 0 } };
const image_t img1306_000F = { 6, 8, { 112, 124, 67, 255, 255, 0 } };
const image_t img1306_0010 = { 6, 8, { 79, 207, 137, 249, 113, 0 } };
const image_t img1306_0011 = { 6, 8, { 126, 255, 137, 251, 114, 0 } };
const image_t img1306_0012 = { 6, 8, { 1, 225, 249, 31, 7, 0 } };
const image_t img1306_0013 = { 6, 8, { 118, 255, 137, 255, 118, 0 } };
const image_t img1306_0014 = { 6, 8, { 78, 223, 145, 255, 126, 0 } };
const image_t img1306_0015 = { 24, 59, { 0, 32, 129, 21, 0, 0, 217, 21, 0, 0, 67, 49, 0, 0, 67, 49, 0, 0, 67, 49, 0, 0, 67, 49, 0, 0, 0, 0, 0, 0, 0, 0, 0, 0, 0, 0, 0, 0, 0, 0, 0, 0, 217, 21, 0, 0, 217, 21, 0, 0, 0, 0, 0, 0, 217, 21, 0, 0, 217, 21, 0, 0, 217, 21, 0, 0, 217, 21, 0, 0, 217, 21, 0, 0, 217, 21, 0, 0, 217, 21, 0, 0, 217, 21, 0, 0, 61, 250, 0, 0, 217, 21, 0, 0, 217, 21, 0, 0, 217, 21, 0, 0, 217, 21, 0, 0, 217, 21, 0, 0, 217, 21, 0, 0, 217, 21, 0, 0, 217, 21, 0, 0, 217, 21, 0, 0, 217, 21, 0, 0, 217, 21, 0, 0, 217, 21, 0, 0, 53, 38, 1, 0, 41, 39, 1, 0, 81, 39, 1, 0, 217, 21, 0, 0, 217, 21, 0, 0, 217, 21, 0, 0, 217, 21, 0, 0, 217, 21, 0, 0, 217, 21, 0, 0, 217, 21, 0, 0, 217, 21, 0, 0, 217, 21, 0, 0, 217, 21, 0, 0, 153, 30 } };
const image_t img1306_0016 = { 24, 59, { 0, 32, 129, 21, 0, 0, 217, 21, 0, 0, 67, 49, 0, 0, 67, 49, 0, 0, 67, 49, 0, 0, 67, 49, 0, 0, 0, 0, 0, 0, 0, 0, 0, 0, 0, 0, 0, 0, 0, 0, 0, 0, 217, 21, 0, 0, 217, 21, 0, 0, 0, 0, 0, 0, 217, 21, 0, 0, 217, 21, 0, 0, 217, 21, 0, 0, 217, 21, 0, 0, 217, 21, 0, 0, 217, 21, 0, 0, 217, 21, 0, 0, 217, 21, 0, 0, 61, 250, 0, 0, 217, 21, 0, 0, 217, 21, 0, 0, 217, 21, 0, 0, 217, 21, 0, 0, 217, 21, 0, 0, 217, 21, 0, 0, 217, 21, 0, 0, 217, 21, 0, 0, 217, 21, 0, 0, 217, 21, 0, 0, 217, 21, 0, 0, 217, 21, 0, 0, 53, 38, 1, 0, 41, 39, 1, 0, 81, 39, 1, 0, 217, 21, 0, 0, 217, 21, 0, 0, 217, 21, 0, 0, 217, 21, 0, 0, 217, 21, 0, 0, 217, 21, 0, 0, 217, 21, 0, 0, 217, 21, 0, 0, 217, 21, 0, 0, 217, 21, 0, 0, 153, 30 } };
const image_t img1306_0017 = { 24, 59, { 0, 32, 129, 21, 0, 0, 217, 21, 0, 0, 67, 49, 0, 0, 67, 49, 0, 0, 67, 49, 0, 0, 67, 49, 0, 0, 0, 0, 0, 0, 0, 0, 0, 0, 0, 0, 0, 0, 0, 0, 0, 0, 217, 21, 0, 0, 217, 21, 0, 0, 0, 0, 0, 0, 217, 21, 0, 0, 217, 21, 0, 0, 217, 21, 0, 0, 217, 21, 0, 0, 217, 21, 0, 0, 217, 21, 0, 0, 217, 21, 0, 0, 217, 21, 0, 0, 61, 250, 0, 0, 217, 21, 0, 0, 217, 21, 0, 0, 217, 21, 0, 0, 217, 21, 0, 0, 217, 21, 0, 0, 217, 21, 0, 0, 217, 21, 0, 0, 217, 21, 0, 0, 217, 21, 0, 0, 217, 21, 0, 0, 217, 21, 0, 0, 217, 21, 0, 0, 53, 38, 1, 0, 41, 39, 1, 0, 81, 39, 1, 0, 217, 21, 0, 0, 217, 21, 0, 0, 217, 21, 0, 0, 217, 21, 0, 0, 217, 21, 0, 0, 217, 21, 0, 0, 217, 21, 0, 0, 217, 21, 0, 0, 217, 21, 0, 0, 217, 21, 0, 0, 153, 30 } };
const image_t img1306_0018 = { 24, 59, { 0, 32, 129, 21, 0, 0, 217, 21, 0, 0, 67, 49, 0, 0, 67, 49, 0, 0, 67, 49, 0, 0, 67, 49, 0, 0, 0, 0, 0, 0, 0, 0, 0, 0, 0, 0, 0, 0, 0, 0, 0, 0, 217, 21, 0, 0, 217, 21, 0, 0, 0, 0, 0, 0, 217, 21, 0, 0, 217, 21, 0, 0, 217, 21, 0, 0, 217, 21, 0, 0, 217, 21, 0, 0, 217, 21, 0, 0, 217, 21, 0, 0, 217, 21, 0, 0, 61, 250, 0, 0, 217, 21, 0, 0, 217, 21, 0, 0, 217, 21, 0, 0, 217, 21, 0, 0, 217, 21, 0, 0, 217, 21, 0, 0, 217, 21, 0, 0, 217, 21, 0, 0, 217, 21, 0, 0, 217, 21, 0, 0, 217, 21, 0, 0, 217, 21, 0, 0, 53, 38, 1, 0, 41, 39, 1, 0, 81, 39, 1, 0, 217, 21, 0, 0, 217, 21, 0, 0, 217, 21, 0, 0, 217, 21, 0, 0, 217, 21, 0, 0, 217, 21, 0, 0, 217, 21, 0, 0, 217, 21, 0, 0, 217, 21, 0, 0, 217, 21, 0, 0, 153, 30 } };
const image_t img1306_0019 = { 24, 59, { 0, 32, 129, 21, 0, 0, 217, 21, 0, 0, 67, 49, 0, 0, 67, 49, 0, 0, 67, 49, 0, 0, 67, 49, 0, 0, 0, 0, 0, 0, 0, 0, 0, 0, 0, 0, 0, 0, 0, 0, 0, 0, 217, 21, 0, 0, 217, 21, 0, 0, 0, 0, 0, 0, 217, 21, 0, 0, 217, 21, 0, 0, 217, 21, 0, 0, 217, 21, 0, 0, 217, 21, 0, 0, 217, 21, 0, 0, 217, 21, 0, 0, 217, 21, 0, 0, 61, 250, 0, 0, 217, 21, 0, 0, 217, 21, 0, 0, 217, 21, 0, 0, 217, 21, 0, 0, 217, 21, 0, 0, 217, 21, 0, 0, 217, 21, 0, 0, 217, 21, 0, 0, 217, 21, 0, 0, 217, 21, 0, 0, 217, 21, 0, 0, 217, 21, 0, 0, 53, 38, 1, 0, 41, 39, 1, 0, 81, 39, 1, 0, 217, 21, 0, 0, 217, 21, 0, 0, 217, 21, 0, 0, 217, 21, 0, 0, 217, 21, 0, 0, 217, 21, 0, 0, 217, 21, 0, 0, 217, 21, 0, 0, 217, 21, 0, 0, 217, 21, 0, 0, 153, 30 } };
const image_t img1306_001A = { 24, 59, { 0, 32, 129, 21, 0, 0, 217, 21, 0, 0, 67, 49, 0, 0, 67, 49, 0, 0, 67, 49, 0, 0, 67, 49, 0, 0, 0, 0, 0, 0, 0, 0, 0, 0, 0, 0, 0, 0, 0, 0, 0, 0, 217, 21, 0, 0, 217, 21, 0, 0, 0, 0, 0, 0, 217, 21, 0, 0, 217, 21, 0, 0, 217, 21, 0, 0, 217, 21, 0, 0, 217, 21, 0, 0, 217, 21, 0, 0, 217, 21, 0, 0, 217, 21, 0, 0, 61, 250, 0, 0, 217, 21, 0, 0, 217, 21, 0, 0, 217, 21, 0, 0, 217, 21, 0, 0, 217, 21, 0, 0, 217, 21, 0, 0, 217, 21, 0, 0, 217, 21, 0, 0, 217, 21, 0, 0, 217, 21, 0, 0, 217, 21, 0, 0, 217, 21, 0, 0, 53, 38, 1, 0, 41, 39, 1, 0, 81, 39, 1, 0, 217, 21, 0, 0, 217, 21, 0, 0, 217, 21, 0, 0, 217, 21, 0, 0, 217, 21, 0, 0, 217, 21, 0, 0, 217, 21, 0, 0, 217, 21, 0, 0, 217, 21, 0, 0, 217, 21, 0, 0, 153, 30 } };
const image_t img1306_001B = { 24, 59, { 0, 32, 129, 21, 0, 0, 217, 21, 0, 0, 67, 49, 0, 0, 67, 49, 0, 0, 67, 49, 0, 0, 67, 49, 0, 0, 0, 0, 0, 0, 0, 0, 0, 0, 0, 0, 0, 0, 0, 0, 0, 0, 217, 21, 0, 0, 217, 21, 0, 0, 0, 0, 0, 0, 217, 21, 0, 0, 217, 21, 0, 0, 217, 21, 0, 0, 217, 21, 0, 0, 217, 21, 0, 0, 217, 21, 0, 0, 217, 21, 0, 0, 217, 21, 0, 0, 61, 250, 0, 0, 217, 21, 0, 0, 217, 21, 0, 0, 217, 21, 0, 0, 217, 21, 0, 0, 217, 21, 0, 0, 217, 21, 0, 0, 217, 21, 0, 0, 217, 21, 0, 0, 217, 21, 0, 0, 217, 21, 0, 0, 217, 21, 0, 0, 217, 21, 0, 0, 53, 38, 1, 0, 41, 39, 1, 0, 81, 39, 1, 0, 217, 21, 0, 0, 217, 21, 0, 0, 217, 21, 0, 0, 217, 21, 0, 0, 217, 21, 0, 0, 217, 21, 0, 0, 217, 21, 0, 0, 217, 21, 0, 0, 217, 21, 0, 0, 217, 21, 0, 0, 153, 30 } };
const image_t img1306_001C = { 24, 59, { 0, 32, 129, 21, 0, 0, 217, 21, 0, 0, 67, 49, 0, 0, 67, 49, 0, 0, 67, 49, 0, 0, 67, 49, 0, 0, 0, 0, 0, 0, 0, 0, 0, 0, 0, 0, 0, 0, 0, 0, 0, 0, 217, 21, 0, 0, 217, 21, 0, 0, 0, 0, 0, 0, 217, 21, 0, 0, 217, 21, 0, 0, 217, 21, 0, 0, 217, 21, 0, 0, 217, 21, 0, 0, 217, 21, 0, 0, 217, 21, 0, 0, 217, 21, 0, 0, 61, 250, 0, 0, 217, 21, 0, 0, 217, 21, 0, 0, 217, 21, 0, 0, 217, 21, 0, 0, 217, 21, 0, 0, 217, 21, 0, 0, 217, 21, 0, 0, 217, 21, 0, 0, 217, 21, 0, 0, 217, 21, 0, 0, 217, 21, 0, 0, 217, 21, 0, 0, 53, 38, 1, 0, 41, 39, 1, 0, 81, 39, 1, 0, 217, 21, 0, 0, 217, 21, 0, 0, 217, 21, 0, 0, 217, 21, 0, 0, 217, 21, 0, 0, 217, 21, 0, 0, 217, 21, 0, 0, 217, 21, 0, 0, 217, 21, 0, 0, 217, 21, 0, 0, 153, 30 } };
const image_t img1306_001D = { 24, 59, { 0, 32, 129, 21, 0, 0, 217, 21, 0, 0, 67, 49, 0, 0, 67, 49, 0, 0, 67, 49, 0, 0, 67, 49, 0, 0, 0, 0, 0, 0, 0, 0, 0, 0, 0, 0, 0, 0, 0, 0, 0, 0, 217, 21, 0, 0, 217, 21, 0, 0, 0, 0, 0, 0, 217, 21, 0, 0, 217, 21, 0, 0, 217, 21, 0, 0, 217, 21, 0, 0, 217, 21, 0, 0, 217, 21, 0, 0, 217, 21, 0, 0, 217, 21, 0, 0, 61, 250, 0, 0, 217, 21, 0, 0, 217, 21, 0, 0, 217, 21, 0, 0, 217, 21, 0, 0, 217, 21, 0, 0, 217, 21, 0, 0, 217, 21, 0, 0, 217, 21, 0, 0, 217, 21, 0, 0, 217, 21, 0, 0, 217, 21, 0, 0, 217, 21, 0, 0, 53, 38, 1, 0, 41, 39, 1, 0, 81, 39, 1, 0, 217, 21, 0, 0, 217, 21, 0, 0, 217, 21, 0, 0, 217, 21, 0, 0, 217, 21, 0, 0, 217, 21, 0, 0, 217, 21, 0, 0, 217, 21, 0, 0, 217, 21, 0, 0, 217, 21, 0, 0, 153, 30 } };
const image_t img1306_001E = { 24, 59, { 0, 32, 129, 21, 0, 0, 217, 21, 0, 0, 67, 49, 0, 0, 67, 49, 0, 0, 67, 49, 0, 0, 67, 49, 0, 0, 0, 0, 0, 0, 0, 0, 0, 0, 0, 0, 0, 0, 0, 0, 0, 0, 217, 21, 0, 0, 217, 21, 0, 0, 0, 0, 0, 0, 217, 21, 0, 0, 217, 21, 0, 0, 217, 21, 0, 0, 217, 21, 0, 0, 217, 21, 0, 0, 217, 21, 0, 0, 217, 21, 0, 0, 217, 21, 0, 0, 61, 250, 0, 0, 217, 21, 0, 0, 217, 21, 0, 0, 217, 21, 0, 0, 217, 21, 0, 0, 217, 21, 0, 0, 217, 21, 0, 0, 217, 21, 0, 0, 217, 21, 0, 0, 217, 21, 0, 0, 217, 21, 0, 0, 217, 21, 0, 0, 217, 21, 0, 0, 53, 38, 1, 0, 41, 39, 1, 0, 81, 39, 1, 0, 217, 21, 0, 0, 217, 21, 0, 0, 217, 21, 0, 0, 217, 21, 0, 0, 217, 21, 0, 0, 217, 21, 0, 0, 217, 21, 0, 0, 217, 21, 0, 0, 217, 21, 0, 0, 217, 21, 0, 0, 153, 30 } };
const image_t img1306_001F = { 6, 16, { 254, 255, 3, 255, 254, 0, 1, 3, 3, 3, 1, 0 } };
const image_t img1306_0020 = { 6, 16, { 0, 2, 255, 255, 0, 0, 0, 0, 3, 3, 0, 0 } };
const image_t img1306_0021 = { 6, 16, { 134, 195, 99, 63, 14, 0, 3, 3, 3, 3, 3, 0 } };
const image_t img1306_0022 = { 6, 16, { 134, 135, 51, 255, 206, 0, 1, 3, 3, 3, 1, 0 } };
const image_t img1306_0023 = { 6, 16, { 224, 248, 206, 255, 255, 0, 0, 0, 0, 3, 3, 0 } };
const image_t img1306_0024 = { 6, 16, { 191, 191, 27, 251, 243, 0, 1, 3, 3, 3, 1, 0 } };
const image_t img1306_0025 = { 6, 16, { 254, 255, 51, 243, 230, 0, 1, 3, 3, 3, 1, 0 } };
const image_t img1306_0026 = { 6, 16, { 3, 195, 243, 31, 7, 0, 0, 3, 3, 0, 0, 0 } };
const image_t img1306_0027 = { 6, 16, { 238, 255, 51, 255, 238, 0, 1, 3, 3, 3, 1, 0 } };
const image_t img1306_0028 = { 6, 16, { 158, 191, 35, 255, 254, 0, 1, 3, 3, 3, 1, 0 } };
const image_t img1306_0029 = { 12, 16, { 0, 248, 252, 252, 14, 6, 6, 14, 252, 252, 248, 0, 0, 63, 127, 127, 224, 192, 192, 224, 127, 127, 63, 0 } };
const image_t img1306_002A = { 12, 16, { 0, 0, 0, 48, 56, 254, 254, 254, 0, 0, 0, 0, 0, 0, 0, 0, 0, 255, 255, 255, 0, 0, 0, 0 } };
const image_t img1306_002B = { 12, 16, { 0, 24, 28, 28, 14, 6, 6, 142, 252, 252, 248, 0, 0, 224, 240, 248, 252, 222, 207, 199, 195, 193, 192, 0 } };
const image_t img1306_002C = { 12, 16, { 0, 24, 28, 28, 142, 134, 134, 206, 252, 124, 56, 0, 0, 48, 112, 112, 225, 193, 193, 227, 127, 127, 62, 0 } };
const image_t img1306_002D = { 12, 16, { 0, 0, 0, 128, 224, 248, 63, 255, 255, 255, 0, 0, 0, 24, 30, 31, 31, 25, 24, 255, 255, 255, 24, 0 } };
const image_t img1306_002E = { 12, 16, { 0, 254, 254, 254, 134, 198, 198, 198, 198, 134, 6, 0, 0, 51, 115, 115, 225, 192, 192, 225, 127, 127, 63, 0 } };
const image_t img1306_002F = { 12, 16, { 0, 248, 252, 252, 142, 198, 198, 206, 220, 156, 24, 0, 0, 63, 127, 127, 225, 192, 192, 225, 127, 127, 63, 0 } };
const image_t img1306_0030 = { 12, 16, { 0, 6, 6, 6, 6, 6, 134, 230, 254, 254, 62, 0, 0, 0, 0, 0, 240, 254, 255, 31, 3, 0, 0, 0 } };
const image_t img1306_0031 = { 12, 16, { 0, 56, 124, 252, 206, 134, 134, 206, 252, 124, 56, 0, 0, 62, 127, 127, 227, 193, 193, 227, 127, 127, 62, 0 } };
const image_t img1306_0032 = { 12, 16, { 0, 248, 252, 252, 14, 6, 6, 14, 252, 252, 248, 0, 0, 49, 115, 119, 231, 198, 198, 227, 127, 127, 63, 0 } };
const image_t img1306_0033 = { 24, 59, { 0, 32, 129, 21, 0, 0, 217, 21, 0, 0, 67, 49, 0, 0, 67, 49, 0, 0, 67, 49, 0, 0, 67, 49, 0, 0, 0, 0, 0, 0, 0, 0, 0, 0, 0, 0, 0, 0, 0, 0, 0, 0, 217, 21, 0, 0, 217, 21, 0, 0, 0, 0, 0, 0, 217, 21, 0, 0, 217, 21, 0, 0, 217, 21, 0, 0, 217, 21, 0, 0, 217, 21, 0, 0, 217, 21, 0, 0, 217, 21, 0, 0, 217, 21, 0, 0, 61, 250, 0, 0, 217, 21, 0, 0, 217, 21, 0, 0, 217, 21, 0, 0, 217, 21, 0, 0, 217, 21, 0, 0, 217, 21, 0, 0, 217, 21, 0, 0, 217, 21, 0, 0, 217, 21, 0, 0, 217, 21, 0, 0, 217, 21, 0, 0, 217, 21, 0, 0, 53, 38, 1, 0, 41, 39, 1, 0, 81, 39, 1, 0, 217, 21, 0, 0, 217, 21, 0, 0, 217, 21, 0, 0, 217, 21, 0, 0, 217, 21, 0, 0, 217, 21, 0, 0, 217, 21, 0, 0, 217, 21, 0, 0, 217, 21, 0, 0, 217, 21, 0, 0, 153, 30 } };
const image_t img1306_0034 = { 24, 59, { 0, 32, 129, 21, 0, 0, 217, 21, 0, 0, 67, 49, 0, 0, 67, 49, 0, 0, 67, 49, 0, 0, 67, 49, 0, 0, 0, 0, 0, 0, 0, 0, 0, 0, 0, 0, 0, 0, 0, 0, 0, 0, 217, 21, 0, 0, 217, 21, 0, 0, 0, 0, 0, 0, 217, 21, 0, 0, 217, 21, 0, 0, 217, 21, 0, 0, 217, 21, 0, 0, 217, 21, 0, 0, 217, 21, 0, 0, 217, 21, 0, 0, 217, 21, 0, 0, 61, 250, 0, 0, 217, 21, 0, 0, 217, 21, 0, 0, 217, 21, 0, 0, 217, 21, 0, 0, 217, 21, 0, 0, 217, 21, 0, 0, 217, 21, 0, 0, 217, 21, 0, 0, 217, 21, 0, 0, 217, 21, 0, 0, 217, 21, 0, 0, 217, 21, 0, 0, 53, 38, 1, 0, 41, 39, 1, 0, 81, 39, 1, 0, 217, 21, 0, 0, 217, 21, 0, 0, 217, 21, 0, 0, 217, 21, 0, 0, 217, 21, 0, 0, 217, 21, 0, 0, 217, 21, 0, 0, 217, 21, 0, 0, 217, 21, 0, 0, 217, 21, 0, 0, 153, 30 } };
const image_t img1306_0035 = { 24, 59, { 0, 32, 129, 21, 0, 0, 217, 21, 0, 0, 67, 49, 0, 0, 67, 49, 0, 0, 67, 49, 0, 0, 67, 49, 0, 0, 0, 0, 0, 0, 0, 0, 0, 0, 0, 0, 0, 0, 0, 0, 0, 0, 217, 21, 0, 0, 217, 21, 0, 0, 0, 0, 0, 0, 217, 21, 0, 0, 217, 21, 0, 0, 217, 21, 0, 0, 217, 21, 0, 0, 217, 21, 0, 0, 217, 21, 0, 0, 217, 21, 0, 0, 217, 21, 0, 0, 61, 250, 0, 0, 217, 21, 0, 0, 217, 21, 0, 0, 217, 21, 0, 0, 217, 21, 0, 0, 217, 21, 0, 0, 217, 21, 0, 0, 217, 21, 0, 0, 217, 21, 0, 0, 217, 21, 0, 0, 217, 21, 0, 0, 217, 21, 0, 0, 217, 21, 0, 0, 53, 38, 1, 0, 41, 39, 1, 0, 81, 39, 1, 0, 217, 21, 0, 0, 217, 21, 0, 0, 217, 21, 0, 0, 217, 21, 0, 0, 217, 21, 0, 0, 217, 21, 0, 0, 217, 21, 0, 0, 217, 21, 0, 0, 217, 21, 0, 0, 217, 21, 0, 0, 153, 30 } };
const image_t img1306_0036 = { 24, 59, { 0, 32, 129, 21, 0, 0, 217, 21, 0, 0, 67, 49, 0, 0, 67, 49, 0, 0, 67, 49, 0, 0, 67, 49, 0, 0, 0, 0, 0, 0, 0, 0, 0, 0, 0, 0, 0, 0, 0, 0, 0, 0, 217, 21, 0, 0, 217, 21, 0, 0, 0, 0, 0, 0, 217, 21, 0, 0, 217, 21, 0, 0, 217, 21, 0, 0, 217, 21, 0, 0, 217, 21, 0, 0, 217, 21, 0, 0, 217, 21, 0, 0, 217, 21, 0, 0, 61, 250, 0, 0, 217, 21, 0, 0, 217, 21, 0, 0, 217, 21, 0, 0, 217, 21, 0, 0, 217, 21, 0, 0, 217, 21, 0, 0, 217, 21, 0, 0, 217, 21, 0, 0, 217, 21, 0, 0, 217, 21, 0, 0, 217, 21, 0, 0, 217, 21, 0, 0, 53, 38, 1, 0, 41, 39, 1, 0, 81, 39, 1, 0, 217, 21, 0, 0, 217, 21, 0, 0, 217, 21, 0, 0, 217, 21, 0, 0, 217, 21, 0, 0, 217, 21, 0, 0, 217, 21, 0, 0, 217, 21, 0, 0, 217, 21, 0, 0, 217, 21, 0, 0, 153, 30 } };
const image_t img1306_0037 = { 24, 59, { 0, 32, 129, 21, 0, 0, 217, 21, 0, 0, 67, 49, 0, 0, 67, 49, 0, 0, 67, 49, 0, 0, 67, 49, 0, 0, 0, 0, 0, 0, 0, 0, 0, 0, 0, 0, 0, 0, 0, 0, 0, 0, 217, 21, 0, 0, 217, 21, 0, 0, 0, 0, 0, 0, 217, 21, 0, 0, 217, 21, 0, 0, 217, 21, 0, 0, 217, 21, 0, 0, 217, 21, 0, 0, 217, 21, 0, 0, 217, 21, 0, 0, 217, 21, 0, 0, 61, 250, 0, 0, 217, 21, 0, 0, 217, 21, 0, 0, 217, 21, 0, 0, 217, 21, 0, 0, 217, 21, 0, 0, 217, 21, 0, 0, 217, 21, 0, 0, 217, 21, 0, 0, 217, 21, 0, 0, 217, 21, 0, 0, 217, 21, 0, 0, 217, 21, 0, 0, 53, 38, 1, 0, 41, 39, 1, 0, 81, 39, 1, 0, 217, 21, 0, 0, 217, 21, 0, 0, 217, 21, 0, 0, 217, 21, 0, 0, 217, 21, 0, 0, 217, 21, 0, 0, 217, 21, 0, 0, 217, 21, 0, 0, 217, 21, 0, 0, 217, 21, 0, 0, 153, 30 } };
const image_t img1306_0038 = { 24, 59, { 0, 32, 129, 21, 0, 0, 217, 21, 0, 0, 67, 49, 0, 0, 67, 49, 0, 0, 67, 49, 0, 0, 67, 49, 0, 0, 0, 0, 0, 0, 0, 0, 0, 0, 0, 0, 0, 0, 0, 0, 0, 0, 217, 21, 0, 0, 217, 21, 0, 0, 0, 0, 0, 0, 217, 21, 0, 0, 217, 21, 0, 0, 217, 21, 0, 0, 217, 21, 0, 0, 217, 21, 0, 0, 217, 21, 0, 0, 217, 21, 0, 0, 217, 21, 0, 0, 61, 250, 0, 0, 217, 21, 0, 0, 217, 21, 0, 0, 217, 21, 0, 0, 217, 21, 0, 0, 217, 21, 0, 0, 217, 21, 0, 0, 217, 21, 0, 0, 217, 21, 0, 0, 217, 21, 0, 0, 217, 21, 0, 0, 217, 21, 0, 0, 217, 21, 0, 0, 53, 38, 1, 0, 41, 39, 1, 0, 81, 39, 1, 0, 217, 21, 0, 0, 217, 21, 0, 0, 217, 21, 0, 0, 217, 21, 0, 0, 217, 21, 0, 0, 217, 21, 0, 0, 217, 21, 0, 0, 217, 21, 0, 0, 217, 21, 0, 0, 217, 21, 0, 0, 153, 30 } };
const image_t img1306_0039 = { 24, 59, { 0, 32, 129, 21, 0, 0, 217, 21, 0, 0, 67, 49, 0, 0, 67, 49, 0, 0, 67, 49, 0, 0, 67, 49, 0, 0, 0, 0, 0, 0, 0, 0, 0, 0, 0, 0, 0, 0, 0, 0, 0, 0, 217, 21, 0, 0, 217, 21, 0, 0, 0, 0, 0, 0, 217, 21, 0, 0, 217, 21, 0, 0, 217, 21, 0, 0, 217, 21, 0, 0, 217, 21, 0, 0, 217, 21, 0, 0, 217, 21, 0, 0, 217, 21, 0, 0, 61, 250, 0, 0, 217, 21, 0, 0, 217, 21, 0, 0, 217, 21, 0, 0, 217, 21, 0, 0, 217, 21, 0, 0, 217, 21, 0, 0, 217, 21, 0, 0, 217, 21, 0, 0, 217, 21, 0, 0, 217, 21, 0, 0, 217, 21, 0, 0, 217, 21, 0, 0, 53, 38, 1, 0, 41, 39, 1, 0, 81, 39, 1, 0, 217, 21, 0, 0, 217, 21, 0, 0, 217, 21, 0, 0, 217, 21, 0, 0, 217, 21, 0, 0, 217, 21, 0, 0, 217, 21, 0, 0, 217, 21, 0, 0, 217, 21, 0, 0, 217, 21, 0, 0, 153, 30 } };
const image_t img1306_003A = { 24, 59, { 0, 32, 129, 21, 0, 0, 217, 21, 0, 0, 67, 49, 0, 0, 67, 49, 0, 0, 67, 49, 0, 0, 67, 49, 0, 0, 0, 0, 0, 0, 0, 0, 0, 0, 0, 0, 0, 0, 0, 0, 0, 0, 217, 21, 0, 0, 217, 21, 0, 0, 0, 0, 0, 0, 217, 21, 0, 0, 217, 21, 0, 0, 217, 21, 0, 0, 217, 21, 0, 0, 217, 21, 0, 0, 217, 21, 0, 0, 217, 21, 0, 0, 217, 21, 0, 0, 61, 250, 0, 0, 217, 21, 0, 0, 217, 21, 0, 0, 217, 21, 0, 0, 217, 21, 0, 0, 217, 21, 0, 0, 217, 21, 0, 0, 217, 21, 0, 0, 217, 21, 0, 0, 217, 21, 0, 0, 217, 21, 0, 0, 217, 21, 0, 0, 217, 21, 0, 0, 53, 38, 1, 0, 41, 39, 1, 0, 81, 39, 1, 0, 217, 21, 0, 0, 217, 21, 0, 0, 217, 21, 0, 0, 217, 21, 0, 0, 217, 21, 0, 0, 217, 21, 0, 0, 217, 21, 0, 0, 217, 21, 0, 0, 217, 21, 0, 0, 217, 21, 0, 0, 153, 30 } };
const image_t img1306_003B = { 24, 59, { 0, 32, 129, 21, 0, 0, 217, 21, 0, 0, 67, 49, 0, 0, 67, 49, 0, 0, 67, 49, 0, 0, 67, 49, 0, 0, 0, 0, 0, 0, 0, 0, 0, 0, 0, 0, 0, 0, 0, 0, 0, 0, 217, 21, 0, 0, 217, 21, 0, 0, 0, 0, 0, 0, 217, 21, 0, 0, 217, 21, 0, 0, 217, 21, 0, 0, 217, 21, 0, 0, 217, 21, 0, 0, 217, 21, 0, 0, 217, 21, 0, 0, 217, 21, 0, 0, 61, 250, 0, 0, 217, 21, 0, 0, 217, 21, 0, 0, 217, 21, 0, 0, 217, 21, 0, 0, 217, 21, 0, 0, 217, 21, 0, 0, 217, 21, 0, 0, 217, 21, 0, 0, 217, 21, 0, 0, 217, 21, 0, 0, 217, 21, 0, 0, 217, 21, 0, 0, 53, 38, 1, 0, 41, 39, 1, 0, 81, 39, 1, 0, 217, 21, 0, 0, 217, 21, 0, 0, 217, 21, 0, 0, 217, 21, 0, 0, 217, 21, 0, 0, 217, 21, 0, 0, 217, 21, 0, 0, 217, 21, 0, 0, 217, 21, 0, 0, 217, 21, 0, 0, 153, 30 } };
const image_t img1306_003C = { 24, 59, { 0, 32, 129, 21, 0, 0, 217, 21, 0, 0, 67, 49, 0, 0, 67, 49, 0, 0, 67, 49, 0, 0, 67, 49, 0, 0, 0, 0, 0, 0, 0, 0, 0, 0, 0, 0, 0, 0, 0, 0, 0, 0, 217, 21, 0, 0, 217, 21, 0, 0, 0, 0, 0, 0, 217, 21, 0, 0, 217, 21, 0, 0, 217, 21, 0, 0, 217, 21, 0, 0, 217, 21, 0, 0, 217, 21, 0, 0, 217, 21, 0, 0, 217, 21, 0, 0, 61, 250, 0, 0, 217, 21, 0, 0, 217, 21, 0, 0, 217, 21, 0, 0, 217, 21, 0, 0, 217, 21, 0, 0, 217, 21, 0, 0, 217, 21, 0, 0, 217, 21, 0, 0, 217, 21, 0, 0, 217, 21, 0, 0, 217, 21, 0, 0, 217, 21, 0, 0, 53, 38, 1, 0, 41, 39, 1, 0, 81, 39, 1, 0, 217, 21, 0, 0, 217, 21, 0, 0, 217, 21, 0, 0, 217, 21, 0, 0, 217, 21, 0, 0, 217, 21, 0, 0, 217, 21, 0, 0, 217, 21, 0, 0, 217, 21, 0, 0, 217, 21, 0, 0, 153, 30 } };
const image_t img1306_003D = { 11, 24, { 0, 254, 255, 255, 0, 7, 7, 7, 255, 255, 254, 0, 255, 255, 255, 0, 0, 0, 0, 255, 255, 255, 0, 63, 127, 127, 112, 112, 112, 0, 127, 127, 63 } };
const image_t img1306_003E = { 11, 24, { 0, 0, 0, 0, 56, 252, 254, 255, 0, 0, 0, 0, 0, 0, 0, 0, 255, 255, 255, 0, 0, 0, 0, 0, 0, 0, 0, 127, 63, 31, 0, 0, 0 } };
const image_t img1306_003F = { 11, 24, { 0, 0, 1, 3, 7, 7, 7, 0, 255, 255, 254, 0, 252, 254, 254, 14, 14, 14, 0, 15, 15, 7, 0, 63, 127, 127, 0, 112, 112, 112, 96, 64, 0 } };
const image_t img1306_0040 = { 11, 24, { 0, 1, 3, 7, 7, 7, 7, 0, 255, 255, 254, 0, 0, 4, 14, 14, 14, 14, 0, 255, 255, 255, 0, 64, 96, 112, 112, 112, 112, 0, 127, 127, 63 } };
const image_t img1306_0041 = { 11, 24, { 0, 255, 254, 252, 0, 0, 0, 0, 252, 254, 255, 0, 7, 15, 15, 14, 14, 14, 0, 255, 255, 255, 0, 0, 0, 0, 0, 0, 0, 0, 127, 63, 31 } };
const image_t img1306_0042 = { 11, 24, { 0, 254, 255, 255, 0, 7, 7, 7, 3, 1, 0, 0, 7, 15, 15, 14, 14, 14, 0, 254, 254, 252, 0, 64, 96, 112, 112, 112, 112, 0, 127, 127, 63 } };
const image_t img1306_0043 = { 11, 24, { 0, 254, 255, 255, 0, 7, 7, 7, 3, 1, 0, 0, 255, 255, 255, 0, 14, 14, 14, 254, 254, 252, 0, 63, 127, 127, 112, 112, 112, 0, 127, 127, 63 } };
const image_t img1306_0044 = { 11, 24, { 0, 1, 3, 7, 7, 7, 7, 0, 255, 255, 254, 0, 0, 0, 0, 0, 0, 0, 0, 255, 255, 255, 0, 0, 0, 0, 0, 0, 0, 0, 127, 63, 31 } };
const image_t img1306_0045 = { 11, 24, { 0, 254, 255, 255, 0, 7, 7, 7, 255, 255, 254, 0, 255, 255, 255, 14, 14, 14, 0, 255, 255, 255, 0, 63, 127, 127, 112, 112, 112, 0, 127, 127, 63 } };
const image_t img1306_0046 = { 11, 24, { 0, 254, 255, 255, 0, 7, 7, 7, 255, 255, 254, 0, 7, 15, 15, 14, 14, 14, 0, 255, 255, 255, 0, 0, 64, 96, 112, 112, 112, 0, 127, 127, 63 } };
const image_t img1306_0047 = { 4, 24, { 0, 0, 0, 0, 0, 0, 0, 0, 0, 96, 96, 0 } };
const image_t img1306_0048 = { 14, 24, { 0, 248, 252, 254, 255, 15, 7, 7, 15, 255, 254, 252, 248, 0, 0, 255, 255, 255, 255, 0, 0, 0, 0, 255, 255, 255, 255, 0, 0, 31, 63, 127, 255, 240, 224, 224, 240, 255, 127, 63, 31, 0 } };
const image_t img1306_0049 = { 14, 24, { 0, 0, 0, 24, 24, 28, 252, 255, 255, 255, 0, 0, 0, 0, 0, 0, 0, 0, 0, 0, 255, 255, 255, 255, 0, 0, 0, 0, 0, 0, 0, 0, 0, 0, 255, 255, 255, 255, 0, 0, 0, 0 } };
const image_t img1306_004A = { 14, 24, { 0, 56, 60, 62, 63, 15, 7, 7, 15, 255, 254, 252, 248, 0, 0, 0, 0, 0, 0, 192, 224, 248, 252, 127, 63, 15, 3, 0, 0, 240, 248, 254, 255, 255, 231, 227, 224, 224, 224, 224, 224, 0 } };
const image_t img1306_004B = { 14, 24, { 0, 56, 60, 62, 63, 15, 7, 7, 15, 255, 254, 252, 248, 0, 0, 0, 0, 0, 0, 56, 56, 56, 124, 255, 255, 231, 195, 0, 0, 28, 60, 124, 252, 240, 224, 224, 240, 255, 127, 63, 31, 0 } };
const image_t img1306_004C = { 14, 24, { 0, 0, 0, 0, 128, 224, 252, 255, 255, 255, 255, 255, 0, 0, 0, 192, 248, 254, 255, 63, 3, 0, 255, 255, 255, 255, 0, 0, 0, 7, 7, 7, 7, 7, 7, 7, 255, 255, 255, 255, 7, 0 } };
const image_t img1306_004D = { 14, 24, { 0, 255, 255, 255, 255, 7, 7, 7, 7, 7, 7, 7, 0, 0, 0, 63, 63, 63, 63, 28, 14, 14, 30, 254, 254, 252, 248, 0, 0, 28, 60, 124, 252, 240, 224, 224, 240, 255, 127, 63, 31, 0 } };
const image_t img1306_004E = { 14, 24, { 0, 248, 252, 254, 255, 15, 7, 7, 15, 63, 62, 60, 56, 0, 0, 255, 255, 255, 255, 28, 14, 14, 30, 254, 252, 252, 248, 0, 0, 31, 63, 127, 255, 240, 224, 224, 240, 255, 127, 63, 31, 0 } };
const image_t img1306_004F = { 14, 24, { 0, 7, 7, 7, 7, 7, 7, 7, 231, 255, 255, 255, 63, 0, 0, 0, 0, 0, 0, 224, 252, 255, 255, 31, 7, 0, 0, 0, 0, 0, 0, 0, 254, 255, 255, 255, 3, 0, 0, 0, 0, 0 } };
const image_t img1306_0050 = { 14, 24, { 0, 240, 252, 254, 254, 15, 7, 7, 15, 254, 254, 252, 240, 0, 0, 129, 231, 255, 255, 60, 24, 24, 60, 255, 255, 231, 129, 0, 0, 15, 63, 127, 255, 240, 224, 224, 240, 255, 127, 63, 15, 0 } };
const image_t img1306_0051 = { 14, 24, { 0, 248, 252, 254, 255, 15, 7, 7, 15, 255, 254, 252, 248, 0, 0, 15, 31, 63, 127, 120, 112, 112, 56, 255, 255, 255, 255, 0, 0, 28, 60, 124, 252, 240, 224, 224, 240, 255, 127, 63, 31, 0 } };
const image_t img1306_0052 = { 13, 16, { 12, 18, 18, 12, 0, 248, 252, 254, 6, 6, 30, 28, 24, 0, 0, 0, 0, 0, 63, 127, 255, 192, 192, 240, 112, 48 } };
const image_t img1306_0053 = { 13, 16, { 12, 18, 18, 12, 0, 254, 254, 254, 134, 134, 134, 134, 6, 0, 0, 0, 0, 0, 255, 255, 255, 1, 1, 1, 1, 0 } };
const image_t img1306_0054 = { 13, 16, { 126, 254, 254, 224, 0, 254, 254, 254, 0, 224, 254, 254, 62, 0, 15, 255, 255, 255, 63, 7, 63, 255, 255, 255, 15, 0 } };
const image_t img1306_0055 = { 24, 59, { 0, 32, 129, 21, 0, 0, 217, 21, 0, 0, 67, 49, 0, 0, 67, 49, 0, 0, 67, 49, 0, 0, 67, 49, 0, 0, 0, 0, 0, 0, 0, 0, 0, 0, 0, 0, 0, 0, 0, 0, 0, 0, 217, 21, 0, 0, 217, 21, 0, 0, 0, 0, 0, 0, 217, 21, 0, 0, 217, 21, 0, 0, 217, 21, 0, 0, 217, 21, 0, 0, 217, 21, 0, 0, 217, 21, 0, 0, 217, 21, 0, 0, 217, 21, 0, 0, 61, 250, 0, 0, 217, 21, 0, 0, 217, 21, 0, 0, 217, 21, 0, 0, 217, 21, 0, 0, 217, 21, 0, 0, 217, 21, 0, 0, 217, 21, 0, 0, 217, 21, 0, 0, 217, 21, 0, 0, 217, 21, 0, 0, 217, 21, 0, 0, 217, 21, 0, 0, 53, 38, 1, 0, 41, 39, 1, 0, 81, 39, 1, 0, 217, 21, 0, 0, 217, 21, 0, 0, 217, 21, 0, 0, 217, 21, 0, 0, 217, 21, 0, 0, 217, 21, 0, 0, 217, 21, 0, 0, 217, 21, 0, 0, 217, 21, 0, 0, 217, 21, 0, 0, 153, 30 } };
const image_t img1306_0056 = { 24, 59, { 0, 32, 129, 21, 0, 0, 217, 21, 0, 0, 67, 49, 0, 0, 67, 49, 0, 0, 67, 49, 0, 0, 67, 49, 0, 0, 0, 0, 0, 0, 0, 0, 0, 0, 0, 0, 0, 0, 0, 0, 0, 0, 217, 21, 0, 0, 217, 21, 0, 0, 0, 0, 0, 0, 217, 21, 0, 0, 217, 21, 0, 0, 217, 21, 0, 0, 217, 21, 0, 0, 217, 21, 0, 0, 217, 21, 0, 0, 217, 21, 0, 0, 217, 21, 0, 0, 61, 250, 0, 0, 217, 21, 0, 0, 217, 21, 0, 0, 217, 21, 0, 0, 217, 21, 0, 0, 217, 21, 0, 0, 217, 21, 0, 0, 217, 21, 0, 0, 217, 21, 0, 0, 217, 21, 0, 0, 217, 21, 0, 0, 217, 21, 0, 0, 217, 21, 0, 0, 53, 38, 1, 0, 41, 39, 1, 0, 81, 39, 1, 0, 217, 21, 0, 0, 217, 21, 0, 0, 217, 21, 0, 0, 217, 21, 0, 0, 217, 21, 0, 0, 217, 21, 0, 0, 217, 21, 0, 0, 217, 21, 0, 0, 217, 21, 0, 0, 217, 21, 0, 0, 153, 30 } };
const image_t img1306_0057 = { 24, 59, { 0, 32, 129, 21, 0, 0, 217, 21, 0, 0, 67, 49, 0, 0, 67, 49, 0, 0, 67, 49, 0, 0, 67, 49, 0, 0, 0, 0, 0, 0, 0, 0, 0, 0, 0, 0, 0, 0, 0, 0, 0, 0, 217, 21, 0, 0, 217, 21, 0, 0, 0, 0, 0, 0, 217, 21, 0, 0, 217, 21, 0, 0, 217, 21, 0, 0, 217, 21, 0, 0, 217, 21, 0, 0, 217, 21, 0, 0, 217, 21, 0, 0, 217, 21, 0, 0, 61, 250, 0, 0, 217, 21, 0, 0, 217, 21, 0, 0, 217, 21, 0, 0, 217, 21, 0, 0, 217, 21, 0, 0, 217, 21, 0, 0, 217, 21, 0, 0, 217, 21, 0, 0, 217, 21, 0, 0, 217, 21, 0, 0, 217, 21, 0, 0, 217, 21, 0, 0, 53, 38, 1, 0, 41, 39, 1, 0, 81, 39, 1, 0, 217, 21, 0, 0, 217, 21, 0, 0, 217, 21, 0, 0, 217, 21, 0, 0, 217, 21, 0, 0, 217, 21, 0, 0, 217, 21, 0, 0, 217, 21, 0, 0, 217, 21, 0, 0, 217, 21, 0, 0, 153, 30 } };
const image_t img1306_0058 = { 24, 59, { 0, 32, 129, 21, 0, 0, 217, 21, 0, 0, 67, 49, 0, 0, 67, 49, 0, 0, 67, 49, 0, 0, 67, 49, 0, 0, 0, 0, 0, 0, 0, 0, 0, 0, 0, 0, 0, 0, 0, 0, 0, 0, 217, 21, 0, 0, 217, 21, 0, 0, 0, 0, 0, 0, 217, 21, 0, 0, 217, 21, 0, 0, 217, 21, 0, 0, 217, 21, 0, 0, 217, 21, 0, 0, 217, 21, 0, 0, 217, 21, 0, 0, 217, 21, 0, 0, 61, 250, 0, 0, 217, 21, 0, 0, 217, 21, 0, 0, 217, 21, 0, 0, 217, 21, 0, 0, 217, 21, 0, 0, 217, 21, 0, 0, 217, 21, 0, 0, 217, 21, 0, 0, 217, 21, 0, 0, 217, 21, 0, 0, 217, 21, 0, 0, 217, 21, 0, 0, 53, 38, 1, 0, 41, 39, 1, 0, 81, 39, 1, 0, 217, 21, 0, 0, 217, 21, 0, 0, 217, 21, 0, 0, 217, 21, 0, 0, 217, 21, 0, 0, 217, 21, 0, 0, 217, 21, 0, 0, 217, 21, 0, 0, 217, 21, 0, 0, 217, 21, 0, 0, 153, 30 } };
const image_t img1306_0059 = { 24, 59, { 0, 32, 129, 21, 0, 0, 217, 21, 0, 0, 67, 49, 0, 0, 67, 49, 0, 0, 67, 49, 0, 0, 67, 49, 0, 0, 0, 0, 0, 0, 0, 0, 0, 0, 0, 0, 0, 0, 0, 0, 0, 0, 217, 21, 0, 0, 217, 21, 0, 0, 0, 0, 0, 0, 217, 21, 0, 0, 217, 21, 0, 0, 217, 21, 0, 0, 217, 21, 0, 0, 217, 21, 0, 0, 217, 21, 0, 0, 217, 21, 0, 0, 217, 21, 0, 0, 61, 250, 0, 0, 217, 21, 0, 0, 217, 21, 0, 0, 217, 21, 0, 0, 217, 21, 0, 0, 217, 21, 0, 0, 217, 21, 0, 0, 217, 21, 0, 0, 217, 21, 0, 0, 217, 21, 0, 0, 217, 21, 0, 0, 217, 21, 0, 0, 217, 21, 0, 0, 53, 38, 1, 0, 41, 39, 1, 0, 81, 39, 1, 0, 217, 21, 0, 0, 217, 21, 0, 0, 217, 21, 0, 0, 217, 21, 0, 0, 217, 21, 0, 0, 217, 21, 0, 0, 217, 21, 0, 0, 217, 21, 0, 0, 217, 21, 0, 0, 217, 21, 0, 0, 153, 30 } };
const image_t img1306_005A = { 24, 59, { 0, 32, 129, 21, 0, 0, 217, 21, 0, 0, 67, 49, 0, 0, 67, 49, 0, 0, 67, 49, 0, 0, 67, 49, 0, 0, 0, 0, 0, 0, 0, 0, 0, 0, 0, 0, 0, 0, 0, 0, 0, 0, 217, 21, 0, 0, 217, 21, 0, 0, 0, 0, 0, 0, 217, 21, 0, 0, 217, 21, 0, 0, 217, 21, 0, 0, 217, 21, 0, 0, 217, 21, 0, 0, 217, 21, 0, 0, 217, 21, 0, 0, 217, 21, 0, 0, 61, 250, 0, 0, 217, 21, 0, 0, 217, 21, 0, 0, 217, 21, 0, 0, 217, 21, 0, 0, 217, 21, 0, 0, 217, 21, 0, 0, 217, 21, 0, 0, 217, 21, 0, 0, 217, 21, 0, 0, 217, 21, 0, 0, 217, 21, 0, 0, 217, 21, 0, 0, 53, 38, 1, 0, 41, 39, 1, 0, 81, 39, 1, 0, 217, 21, 0, 0, 217, 21, 0, 0, 217, 21, 0, 0, 217, 21, 0, 0, 217, 21, 0, 0, 217, 21, 0, 0, 217, 21, 0, 0, 217, 21, 0, 0, 217, 21, 0, 0, 217, 21, 0, 0, 153, 30 } };
const image_t img1306_005B = { 24, 59, { 0, 32, 129, 21, 0, 0, 217, 21, 0, 0, 67, 49, 0, 0, 67, 49, 0, 0, 67, 49, 0, 0, 67, 49, 0, 0, 0, 0, 0, 0, 0, 0, 0, 0, 0, 0, 0, 0, 0, 0, 0, 0, 217, 21, 0, 0, 217, 21, 0, 0, 0, 0, 0, 0, 217, 21, 0, 0, 217, 21, 0, 0, 217, 21, 0, 0, 217, 21, 0, 0, 217, 21, 0, 0, 217, 21, 0, 0, 217, 21, 0, 0, 217, 21, 0, 0, 61, 250, 0, 0, 217, 21, 0, 0, 217, 21, 0, 0, 217, 21, 0, 0, 217, 21, 0, 0, 217, 21, 0, 0, 217, 21, 0, 0, 217, 21, 0, 0, 217, 21, 0, 0, 217, 21, 0, 0, 217, 21, 0, 0, 217, 21, 0, 0, 217, 21, 0, 0, 53, 38, 1, 0, 41, 39, 1, 0, 81, 39, 1, 0, 217, 21, 0, 0, 217, 21, 0, 0, 217, 21, 0, 0, 217, 21, 0, 0, 217, 21, 0, 0, 217, 21, 0, 0, 217, 21, 0, 0, 217, 21, 0, 0, 217, 21, 0, 0, 217, 21, 0, 0, 153, 30 } };
const image_t img1306_005C = { 24, 59, { 0, 32, 129, 21, 0, 0, 217, 21, 0, 0, 67, 49, 0, 0, 67, 49, 0, 0, 67, 49, 0, 0, 67, 49, 0, 0, 0, 0, 0, 0, 0, 0, 0, 0, 0, 0, 0, 0, 0, 0, 0, 0, 217, 21, 0, 0, 217, 21, 0, 0, 0, 0, 0, 0, 217, 21, 0, 0, 217, 21, 0, 0, 217, 21, 0, 0, 217, 21, 0, 0, 217, 21, 0, 0, 217, 21, 0, 0, 217, 21, 0, 0, 217, 21, 0, 0, 61, 250, 0, 0, 217, 21, 0, 0, 217, 21, 0, 0, 217, 21, 0, 0, 217, 21, 0, 0, 217, 21, 0, 0, 217, 21, 0, 0, 217, 21, 0, 0, 217, 21, 0, 0, 217, 21, 0, 0, 217, 21, 0, 0, 217, 21, 0, 0, 217, 21, 0, 0, 53, 38, 1, 0, 41, 39, 1, 0, 81, 39, 1, 0, 217, 21, 0, 0, 217, 21, 0, 0, 217, 21, 0, 0, 217, 21, 0, 0, 217, 21, 0, 0, 217, 21, 0, 0, 217, 21, 0, 0, 217, 21, 0, 0, 217, 21, 0, 0, 217, 21, 0, 0, 153, 30 } };
const image_t img1306_005D = { 24, 59, { 0, 32, 129, 21, 0, 0, 217, 21, 0, 0, 67, 49, 0, 0, 67, 49, 0, 0, 67, 49, 0, 0, 67, 49, 0, 0, 0, 0, 0, 0, 0, 0, 0, 0, 0, 0, 0, 0, 0, 0, 0, 0, 217, 21, 0, 0, 217, 21, 0, 0, 0, 0, 0, 0, 217, 21, 0, 0, 217, 21, 0, 0, 217, 21, 0, 0, 217, 21, 0, 0, 217, 21, 0, 0, 217, 21, 0, 0, 217, 21, 0, 0, 217, 21, 0, 0, 61, 250, 0, 0, 217, 21, 0, 0, 217, 21, 0, 0, 217, 21, 0, 0, 217, 21, 0, 0, 217, 21, 0, 0, 217, 21, 0, 0, 217, 21, 0, 0, 217, 21, 0, 0, 217, 21, 0, 0, 217, 21, 0, 0, 217, 21, 0, 0, 217, 21, 0, 0, 53, 38, 1, 0, 41, 39, 1, 0, 81, 39, 1, 0, 217, 21, 0, 0, 217, 21, 0, 0, 217, 21, 0, 0, 217, 21, 0, 0, 217, 21, 0, 0, 217, 21, 0, 0, 217, 21, 0, 0, 217, 21, 0, 0, 217, 21, 0, 0, 217, 21, 0, 0, 153, 30 } };
const image_t img1306_005E = { 24, 59, { 0, 32, 129, 21, 0, 0, 217, 21, 0, 0, 67, 49, 0, 0, 67, 49, 0, 0, 67, 49, 0, 0, 67, 49, 0, 0, 0, 0, 0, 0, 0, 0, 0, 0, 0, 0, 0, 0, 0, 0, 0, 0, 217, 21, 0, 0, 217, 21, 0, 0, 0, 0, 0, 0, 217, 21, 0, 0, 217, 21, 0, 0, 217, 21, 0, 0, 217, 21, 0, 0, 217, 21, 0, 0, 217, 21, 0, 0, 217, 21, 0, 0, 217, 21, 0, 0, 61, 250, 0, 0, 217, 21, 0, 0, 217, 21, 0, 0, 217, 21, 0, 0, 217, 21, 0, 0, 217, 21, 0, 0, 217, 21, 0, 0, 217, 21, 0, 0, 217, 21, 0, 0, 217, 21, 0, 0, 217, 21, 0, 0, 217, 21, 0, 0, 217, 21, 0, 0, 53, 38, 1, 0, 41, 39, 1, 0, 81, 39, 1, 0, 217, 21, 0, 0, 217, 21, 0, 0, 217, 21, 0, 0, 217, 21, 0, 0, 217, 21, 0, 0, 217, 21, 0, 0, 217, 21, 0, 0, 217, 21, 0, 0, 217, 21, 0, 0, 217, 21, 0, 0, 153, 30 } };
const image_t img1306_005F = { 24, 59, { 0, 32, 129, 21, 0, 0, 217, 21, 0, 0, 67, 49, 0, 0, 67, 49, 0, 0, 67, 49, 0, 0, 67, 49, 0, 0, 0, 0, 0, 0, 0, 0, 0, 0, 0, 0, 0, 0, 0, 0, 0, 0, 217, 21, 0, 0, 217, 21, 0, 0, 0, 0, 0, 0, 217, 21, 0, 0, 217, 21, 0, 0, 217, 21, 0, 0, 217, 21, 0, 0, 217, 21, 0, 0, 217, 21, 0, 0, 217, 21, 0, 0, 217, 21, 0, 0, 61, 250, 0, 0, 217, 21, 0, 0, 217, 21, 0, 0, 217, 21, 0, 0, 217, 21, 0, 0, 217, 21, 0, 0, 217, 21, 0, 0, 217, 21, 0, 0, 217, 21, 0, 0, 217, 21, 0, 0, 217, 21, 0, 0, 217, 21, 0, 0, 217, 21, 0, 0, 53, 38, 1, 0, 41, 39, 1, 0, 81, 39, 1, 0, 217, 21, 0, 0, 217, 21, 0, 0, 217, 21, 0, 0, 217, 21, 0, 0, 217, 21, 0, 0, 217, 21, 0, 0, 217, 21, 0, 0, 217, 21, 0, 0, 217, 21, 0, 0, 217, 21, 0, 0, 153, 30 } };
const image_t img1306_0060 = { 24, 59, { 0, 32, 129, 21, 0, 0, 217, 21, 0, 0, 67, 49, 0, 0, 67, 49, 0, 0, 67, 49, 0, 0, 67, 49, 0, 0, 0, 0, 0, 0, 0, 0, 0, 0, 0, 0, 0, 0, 0, 0, 0, 0, 217, 21, 0, 0, 217, 21, 0, 0, 0, 0, 0, 0, 217, 21, 0, 0, 217, 21, 0, 0, 217, 21, 0, 0, 217, 21, 0, 0, 217, 21, 0, 0, 217, 21, 0, 0, 217, 21, 0, 0, 217, 21, 0, 0, 61, 250, 0, 0, 217, 21, 0, 0, 217, 21, 0, 0, 217, 21, 0, 0, 217, 21, 0, 0, 217, 21, 0, 0, 217, 21, 0, 0, 217, 21, 0, 0, 217, 21, 0, 0, 217, 21, 0, 0, 217, 21, 0, 0, 217, 21, 0, 0, 217, 21, 0, 0, 53, 38, 1, 0, 41, 39, 1, 0, 81, 39, 1, 0, 217, 21, 0, 0, 217, 21, 0, 0, 217, 21, 0, 0, 217, 21, 0, 0, 217, 21, 0, 0, 217, 21, 0, 0, 217, 21, 0, 0, 217, 21, 0, 0, 217, 21, 0, 0, 217, 21, 0, 0, 153, 30 } };
const image_t img1306_0061 = { 24, 59, { 0, 32, 129, 21, 0, 0, 217, 21, 0, 0, 67, 49, 0, 0, 67, 49, 0, 0, 67, 49, 0, 0, 67, 49, 0, 0, 0, 0, 0, 0, 0, 0, 0, 0, 0, 0, 0, 0, 0, 0, 0, 0, 217, 21, 0, 0, 217, 21, 0, 0, 0, 0, 0, 0, 217, 21, 0, 0, 217, 21, 0, 0, 217, 21, 0, 0, 217, 21, 0, 0, 217, 21, 0, 0, 217, 21, 0, 0, 217, 21, 0, 0, 217, 21, 0, 0, 61, 250, 0, 0, 217, 21, 0, 0, 217, 21, 0, 0, 217, 21, 0, 0, 217, 21, 0, 0, 217, 21, 0, 0, 217, 21, 0, 0, 217, 21, 0, 0, 217, 21, 0, 0, 217, 21, 0, 0, 217, 21, 0, 0, 217, 21, 0, 0, 217, 21, 0, 0, 53, 38, 1, 0, 41, 39, 1, 0, 81, 39, 1, 0, 217, 21, 0, 0, 217, 21, 0, 0, 217, 21, 0, 0, 217, 21, 0, 0, 217, 21, 0, 0, 217, 21, 0, 0, 217, 21, 0, 0, 217, 21, 0, 0, 217, 21, 0, 0, 217, 21, 0, 0, 153, 30 } };
const image_t img1306_0062 = { 24, 59, { 0, 32, 129, 21, 0, 0, 217, 21, 0, 0, 67, 49, 0, 0, 67, 49, 0, 0, 67, 49, 0, 0, 67, 49, 0, 0, 0, 0, 0, 0, 0, 0, 0, 0, 0, 0, 0, 0, 0, 0, 0, 0, 217, 21, 0, 0, 217, 21, 0, 0, 0, 0, 0, 0, 217, 21, 0, 0, 217, 21, 0, 0, 217, 21, 0, 0, 217, 21, 0, 0, 217, 21, 0, 0, 217, 21, 0, 0, 217, 21, 0, 0, 217, 21, 0, 0, 61, 250, 0, 0, 217, 21, 0, 0, 217, 21, 0, 0, 217, 21, 0, 0, 217, 21, 0, 0, 217, 21, 0, 0, 217, 21, 0, 0, 217, 21, 0, 0, 217, 21, 0, 0, 217, 21, 0, 0, 217, 21, 0, 0, 217, 21, 0, 0, 217, 21, 0, 0, 53, 38, 1, 0, 41, 39, 1, 0, 81, 39, 1, 0, 217, 21, 0, 0, 217, 21, 0, 0, 217, 21, 0, 0, 217, 21, 0, 0, 217, 21, 0, 0, 217, 21, 0, 0, 217, 21, 0, 0, 217, 21, 0, 0, 217, 21, 0, 0, 217, 21, 0, 0, 153, 30 } };
const image_t img1306_0063 = { 24, 59, { 0, 32, 129, 21, 0, 0, 217, 21, 0, 0, 67, 49, 0, 0, 67, 49, 0, 0, 67, 49, 0, 0, 67, 49, 0, 0, 0, 0, 0, 0, 0, 0, 0, 0, 0, 0, 0, 0, 0, 0, 0, 0, 217, 21, 0, 0, 217, 21, 0, 0, 0, 0, 0, 0, 217, 21, 0, 0, 217, 21, 0, 0, 217, 21, 0, 0, 217, 21, 0, 0, 217, 21, 0, 0, 217, 21, 0, 0, 217, 21, 0, 0, 217, 21, 0, 0, 61, 250, 0, 0, 217, 21, 0, 0, 217, 21, 0, 0, 217, 21, 0, 0, 217, 21, 0, 0, 217, 21, 0, 0, 217, 21, 0, 0, 217, 21, 0, 0, 217, 21, 0, 0, 217, 21, 0, 0, 217, 21, 0, 0, 217, 21, 0, 0, 217, 21, 0, 0, 53, 38, 1, 0, 41, 39, 1, 0, 81, 39, 1, 0, 217, 21, 0, 0, 217, 21, 0, 0, 217, 21, 0, 0, 217, 21, 0, 0, 217, 21, 0, 0, 217, 21, 0, 0, 217, 21, 0, 0, 217, 21, 0, 0, 217, 21, 0, 0, 217, 21, 0, 0, 153, 30 } };
const image_t img1306_0064 = { 24, 59, { 0, 32, 129, 21, 0, 0, 217, 21, 0, 0, 67, 49, 0, 0, 67, 49, 0, 0, 67, 49, 0, 0, 67, 49, 0, 0, 0, 0, 0, 0, 0, 0, 0, 0, 0, 0, 0, 0, 0, 0, 0, 0, 217, 21, 0, 0, 217, 21, 0, 0, 0, 0, 0, 0, 217, 21, 0, 0, 217, 21, 0, 0, 217, 21, 0, 0, 217, 21, 0, 0, 217, 21, 0, 0, 217, 21, 0, 0, 217, 21, 0, 0, 217, 21, 0, 0, 61, 250, 0, 0, 217, 21, 0, 0, 217, 21, 0, 0, 217, 21, 0, 0, 217, 21, 0, 0, 217, 21, 0, 0, 217, 21, 0, 0, 217, 21, 0, 0, 217, 21, 0, 0, 217, 21, 0, 0, 217, 21, 0, 0, 217, 21, 0, 0, 217, 21, 0, 0, 53, 38, 1, 0, 41, 39, 1, 0, 81, 39, 1, 0, 217, 21, 0, 0, 217, 21, 0, 0, 217, 21, 0, 0, 217, 21, 0, 0, 217, 21, 0, 0, 217, 21, 0, 0, 217, 21, 0, 0, 217, 21, 0, 0, 217, 21, 0, 0, 217, 21, 0, 0, 153, 30 } };
const image_t img1306_0065 = { 24, 59, { 0, 32, 129, 21, 0, 0, 217, 21, 0, 0, 67, 49, 0, 0, 67, 49, 0, 0, 67, 49, 0, 0, 67, 49, 0, 0, 0, 0, 0, 0, 0, 0, 0, 0, 0, 0, 0, 0, 0, 0, 0, 0, 217, 21, 0, 0, 217, 21, 0, 0, 0, 0, 0, 0, 217, 21, 0, 0, 217, 21, 0, 0, 217, 21, 0, 0, 217, 21, 0, 0, 217, 21, 0, 0, 217, 21, 0, 0, 217, 21, 0, 0, 217, 21, 0, 0, 61, 250, 0, 0, 217, 21, 0, 0, 217, 21, 0, 0, 217, 21, 0, 0, 217, 21, 0, 0, 217, 21, 0, 0, 217, 21, 0, 0, 217, 21, 0, 0, 217, 21, 0, 0, 217, 21, 0, 0, 217, 21, 0, 0, 217, 21, 0, 0, 217, 21, 0, 0, 53, 38, 1, 0, 41, 39, 1, 0, 81, 39, 1, 0, 217, 21, 0, 0, 217, 21, 0, 0, 217, 21, 0, 0, 217, 21, 0, 0, 217, 21, 0, 0, 217, 21, 0, 0, 217, 21, 0, 0, 217, 21, 0, 0, 217, 21, 0, 0, 217, 21, 0, 0, 153, 30 } };
const image_t img1306_0066 = { 24, 59, { 0, 32, 129, 21, 0, 0, 217, 21, 0, 0, 67, 49, 0, 0, 67, 49, 0, 0, 67, 49, 0, 0, 67, 49, 0, 0, 0, 0, 0, 0, 0, 0, 0, 0, 0, 0, 0, 0, 0, 0, 0, 0, 217, 21, 0, 0, 217, 21, 0, 0, 0, 0, 0, 0, 217, 21, 0, 0, 217, 21, 0, 0, 217, 21, 0, 0, 217, 21, 0, 0, 217, 21, 0, 0, 217, 21, 0, 0, 217, 21, 0, 0, 217, 21, 0, 0, 61, 250, 0, 0, 217, 21, 0, 0, 217, 21, 0, 0, 217, 21, 0, 0, 217, 21, 0, 0, 217, 21, 0, 0, 217, 21, 0, 0, 217, 21, 0, 0, 217, 21, 0, 0, 217, 21, 0, 0, 217, 21, 0, 0, 217, 21, 0, 0, 217, 21, 0, 0, 53, 38, 1, 0, 41, 39, 1, 0, 81, 39, 1, 0, 217, 21, 0, 0, 217, 21, 0, 0, 217, 21, 0, 0, 217, 21, 0, 0, 217, 21, 0, 0, 217, 21, 0, 0, 217, 21, 0, 0, 217, 21, 0, 0, 217, 21, 0, 0, 217, 21, 0, 0, 153, 30 } };
const image_t img1306_0067 = { 7, 16, { 3, 239, 236, 134, 140, 143, 3, 0, 3, 3, 0, 3, 3, 0 } };
const image_t img1306_0068 = { 6, 8, { 252, 254, 34, 254, 252, 0 } };
const image_t img1306_0069 = { 6, 8, { 254, 254, 138, 254, 116, 0 } };
const image_t img1306_006A = { 5, 8, { 124, 254, 130, 130, 0 } };
const image_t img1306_006B = { 6, 8, { 254, 254, 130, 254, 124, 0 } };
const image_t img1306_006C = { 5, 8, { 254, 254, 138, 138, 0 } };
const image_t img1306_006D = { 5, 8, { 254, 254, 10, 10, 0 } };
const image_t img1306_006E = { 6, 8, { 124, 254, 130, 242, 240, 0 } };
const image_t img1306_006F = { 6, 8, { 254, 254, 8, 254, 254, 0 } };
const image_t img1306_0070 = { 3, 8, { 254, 254, 0 } };
const image_t img1306_0071 = { 5, 8, { 128, 128, 254, 126, 0 } };
const image_t img1306_0072 = { 6, 8, { 254, 254, 56, 108, 198, 0 } };
const image_t img1306_0073 = { 5, 8, { 254, 254, 128, 128, 0 } };
const image_t img1306_0074 = { 8, 8, { 254, 252, 24, 48, 24, 252, 254, 0 } };
const image_t img1306_0075 = { 7, 8, { 254, 252, 24, 48, 126, 254, 0 } };
const image_t img1306_0076 = { 6, 8, { 124, 254, 130, 254, 124, 0 } };
const image_t img1306_0077 = { 6, 8, { 254, 254, 34, 62, 28, 0 } };
const image_t img1306_0078 = { 6, 8, { 124, 254, 194, 254, 188, 0 } };
const image_t img1306_0079 = { 6, 8, { 254, 254, 34, 254, 156, 0 } };
const image_t img1306_007A = { 5, 8, { 140, 158, 242, 98, 0 } };
const image_t img1306_007B = { 5, 8, { 2, 254, 254, 2, 0 } };
const image_t img1306_007C = { 6, 8, { 126, 254, 128, 254, 126, 0 } };
const image_t img1306_007D = { 7, 8, { 14, 62, 240, 240, 62, 14, 0 } };
const image_t img1306_007E = { 8, 8, { 30, 254, 240, 120, 240, 254, 30, 0 } };
const image_t img1306_007F = { 7, 8, { 198, 238, 56, 56, 238, 198, 0 } };
const image_t img1306_0080 = { 7, 8, { 6, 14, 248, 248, 14, 6, 0 } };
const image_t img1306_0081 = { 6, 8, { 226, 242, 186, 158, 142, 0 } };
const image_t img1306_0082 = { 6, 8, { 64, 232, 168, 248, 240, 0 } };
const image_t img1306_0083 = { 6, 8, { 254, 254, 136, 248, 112, 0 } };
const image_t img1306_0084 = { 5, 8, { 112, 248, 136, 136, 0 } };
const image_t img1306_0085 = { 6, 8, { 112, 248, 136, 254, 254, 0 } };
const image_t img1306_0086 = { 6, 8, { 112, 248, 168, 184, 176, 0 } };
const image_t img1306_0087 = { 4, 8, { 252, 254, 10, 0 } };
const image_t img1306_0088 = { 6, 8, { 12, 94, 82, 126, 62, 0 } };
const image_t img1306_0089 = { 6, 8, { 254, 254, 8, 248, 240, 0 } };
const image_t img1306_008A = { 3, 8, { 250, 250, 0 } };
const image_t img1306_008B = { 4, 8, { 128, 253, 125, 0 } };
const image_t img1306_008C = { 6, 8, { 254, 254, 112, 216, 136, 0 } };
const image_t img1306_008D = { 3, 8, { 254, 254, 0 } };
const image_t img1306_008E = { 8, 8, { 248, 248, 8, 248, 8, 248, 240, 0 } };
const image_t img1306_008F = { 6, 8, { 248, 248, 8, 248, 240, 0 } };
const image_t img1306_0090 = { 6, 8, { 112, 248, 136, 248, 112, 0 } };
const image_t img1306_0091 = { 6, 8, { 126, 126, 18, 30, 12, 0 } };
const image_t img1306_0092 = { 6, 8, { 12, 30, 18, 126, 126, 0 } };
const image_t img1306_0093 = { 5, 8, { 248, 248, 16, 24, 0 } };
const image_t img1306_0094 = { 5, 8, { 176, 184, 232, 104, 0 } };
const image_t img1306_0095 = { 4, 8, { 126, 254, 136, 0 } };
const image_t img1306_0096 = { 6, 8, { 120, 248, 128, 248, 248, 0 } };
const image_t img1306_0097 = { 6, 8, { 24, 120, 224, 120, 24, 0 } };
const image_t img1306_0098 = { 8, 8, { 56, 248, 192, 112, 192, 248, 56, 0 } };
const image_t img1306_0099 = { 6, 8, { 216, 248, 32, 248, 216, 0 } };
const image_t img1306_009A = { 6, 8, { 14, 94, 80, 126, 62, 0 } };
const image_t img1306_009B = { 6, 8, { 200, 232, 184, 152, 136, 0 } };
const image_t img1306_009C = { 7, 8, { 252, 254, 35, 35, 254, 252, 0 } };
const image_t img1306_009D = { 7, 8, { 255, 255, 137, 137, 255, 118, 0 } };
const image_t img1306_009E = { 7, 8, { 126, 255, 129, 129, 195, 66, 0 } };
const image_t img1306_009F = { 7, 8, { 255, 255, 129, 195, 126, 60, 0 } };
const image_t img1306_00A0 = { 7, 8, { 255, 255, 137, 137, 137, 129, 0 } };
const image_t img1306_00A1 = { 7, 8, { 255, 255, 9, 9, 9, 1, 0 } };
const image_t img1306_00A2 = { 7, 8, { 126, 255, 129, 145, 243, 242, 0 } };
const image_t img1306_00A3 = { 7, 8, { 255, 255, 8, 8, 255, 255, 0 } };
const image_t img1306_00A4 = { 5, 8, { 129, 255, 255, 129, 0 } };
const image_t img1306_00A5 = { 6, 8, { 96, 224, 128, 255, 127, 0 } };
const image_t img1306_00A6 = { 7, 8, { 255, 255, 8, 62, 247, 193, 0 } };
const image_t img1306_00A7 = { 7, 8, { 255, 255, 128, 128, 128, 128, 0 } };
const image_t img1306_00A8 = { 8, 8, { 255, 255, 6, 12, 6, 255, 255, 0 } };
const image_t img1306_00A9 = { 8, 8, { 255, 255, 12, 24, 48, 255, 255, 0 } };
const image_t img1306_00AA = { 7, 8, { 126, 255, 129, 129, 255, 126, 0 } };
const image_t img1306_00AB = { 7, 8, { 255, 255, 17, 17, 31, 14, 0 } };
const image_t img1306_00AC = { 7, 8, { 126, 255, 129, 97, 255, 158, 0 } };
const image_t img1306_00AD = { 7, 8, { 255, 255, 17, 49, 255, 206, 0 } };
const image_t img1306_00AE = { 7, 8, { 70, 207, 153, 153, 243, 98, 0 } };
const image_t img1306_00AF = { 7, 8, { 1, 1, 255, 255, 1, 1, 0 } };
const image_t img1306_00B0 = { 7, 8, { 127, 255, 128, 128, 255, 127, 0 } };
const image_t img1306_00B1 = { 7, 8, { 63, 127, 192, 192, 127, 63, 0 } };
const image_t img1306_00B2 = { 8, 8, { 63, 255, 192, 120, 192, 255, 63, 0 } };
const image_t img1306_00B3 = { 7, 8, { 227, 247, 28, 28, 247, 227, 0 } };
const image_t img1306_00B4 = { 7, 8, { 15, 31, 240, 240, 31, 15, 0 } };
const image_t img1306_00B5 = { 7, 8, { 225, 241, 153, 141, 135, 131, 0 } };
const image_t img1306_00B6 = { 24, 59, { 0, 32, 129, 21, 0, 0, 217, 21, 0, 0, 67, 49, 0, 0, 67, 49, 0, 0, 67, 49, 0, 0, 67, 49, 0, 0, 0, 0, 0, 0, 0, 0, 0, 0, 0, 0, 0, 0, 0, 0, 0, 0, 217, 21, 0, 0, 217, 21, 0, 0, 0, 0, 0, 0, 217, 21, 0, 0, 217, 21, 0, 0, 217, 21, 0, 0, 217, 21, 0, 0, 217, 21, 0, 0, 217, 21, 0, 0, 217, 21, 0, 0, 217, 21, 0, 0, 61, 250, 0, 0, 217, 21, 0, 0, 217, 21, 0, 0, 217, 21, 0, 0, 217, 21, 0, 0, 217, 21, 0, 0, 217, 21, 0, 0, 217, 21, 0, 0, 217, 21, 0, 0, 217, 21, 0, 0, 217, 21, 0, 0, 217, 21, 0, 0, 217, 21, 0, 0, 53, 38, 1, 0, 41, 39, 1, 0, 81, 39, 1, 0, 217, 21, 0, 0, 217, 21, 0, 0, 217, 21, 0, 0, 217, 21, 0, 0, 217, 21, 0, 0, 217, 21, 0, 0, 217, 21, 0, 0, 217, 21, 0, 0, 217, 21, 0, 0, 217, 21, 0, 0, 153, 30 } };
const image_t img1306_00B7 = { 24, 59, { 0, 32, 129, 21, 0, 0, 217, 21, 0, 0, 67, 49, 0, 0, 67, 49, 0, 0, 67, 49, 0, 0, 67, 49, 0, 0, 0, 0, 0, 0, 0, 0, 0, 0, 0, 0, 0, 0, 0, 0, 0, 0, 217, 21, 0, 0, 217, 21, 0, 0, 0, 0, 0, 0, 217, 21, 0, 0, 217, 21, 0, 0, 217, 21, 0, 0, 217, 21, 0, 0, 217, 21, 0, 0, 217, 21, 0, 0, 217, 21, 0, 0, 217, 21, 0, 0, 61, 250, 0, 0, 217, 21, 0, 0, 217, 21, 0, 0, 217, 21, 0, 0, 217, 21, 0, 0, 217, 21, 0, 0, 217, 21, 0, 0, 217, 21, 0, 0, 217, 21, 0, 0, 217, 21, 0, 0, 217, 21, 0, 0, 217, 21, 0, 0, 217, 21, 0, 0, 53, 38, 1, 0, 41, 39, 1, 0, 81, 39, 1, 0, 217, 21, 0, 0, 217, 21, 0, 0, 217, 21, 0, 0, 217, 21, 0, 0, 217, 21, 0, 0, 217, 21, 0, 0, 217, 21, 0, 0, 217, 21, 0, 0, 217, 21, 0, 0, 217, 21, 0, 0, 153, 30 } };
const image_t img1306_00B8 = { 14, 16, { 28, 28, 224, 224, 0, 0, 0, 0, 0, 0, 224, 224, 28, 28, 0, 0, 1, 1, 30, 30, 224, 224, 30, 30, 1, 1, 0, 0 } };
const image_t img1306_00B9 = { 18, 16, { 240, 240, 0, 0, 0, 0, 192, 192, 48, 48, 192, 192, 0, 0, 0, 0, 240, 240, 0, 0, 15, 15, 240, 240, 15, 15, 0, 0, 15, 15, 240, 240, 15, 15, 0, 0 } };
const image_t img1306_00BA = { 16, 8, { 60, 66, 153, 165, 165, 165, 165, 153, 129, 129, 129, 129, 129, 129, 66, 60 } };
const image_t img1306_00BB = { 16, 8, { 60, 66, 129, 129, 129, 129, 129, 129, 153, 189, 189, 189, 189, 153, 66, 60 } };
const image_t img1306_00BC = { 6, 8, { 0, 0, 0, 0, 0, 0 } };
const image_t img1306_00BD = { 1, 8, { 0 } };
const image_t img1306_00BE = { 9, 8, { 0, 0, 63, 127, 192, 192, 127, 63, 0 } };
const image_t img1306_00BF = { 24, 59, { 0, 32, 129, 21, 0, 0, 217, 21, 0, 0, 67, 49, 0, 0, 67, 49, 0, 0, 67, 49, 0, 0, 67, 49, 0, 0, 0, 0, 0, 0, 0, 0, 0, 0, 0, 0, 0, 0, 0, 0, 0, 0, 217, 21, 0, 0, 217, 21, 0, 0, 0, 0, 0, 0, 217, 21, 0, 0, 217, 21, 0, 0, 217, 21, 0, 0, 217, 21, 0, 0, 217, 21, 0, 0, 217, 21, 0, 0, 217, 21, 0, 0, 217, 21, 0, 0, 61, 250, 0, 0, 217, 21, 0, 0, 217, 21, 0, 0, 217, 21, 0, 0, 217, 21, 0, 0, 217, 21, 0, 0, 217, 21, 0, 0, 217, 21, 0, 0, 217, 21, 0, 0, 217, 21, 0, 0, 217, 21, 0, 0, 217, 21, 0, 0, 217, 21, 0, 0, 53, 38, 1, 0, 41, 39, 1, 0, 81, 39, 1, 0, 217, 21, 0, 0, 217, 21, 0, 0, 217, 21, 0, 0, 217, 21, 0, 0, 217, 21, 0, 0, 217, 21, 0, 0, 217, 21, 0, 0, 217, 21, 0, 0, 217, 21, 0, 0, 217, 21, 0, 0, 153, 30 } };
const image_t img1306_00C0 = { 7, 8, { 188, 254, 194, 2, 194, 254, 188 } };
const image_t img1306_00C1 = { 2, 8, { 128, 0 } };
const image_t img1306_00C2 = { 6, 8, { 6, 198, 112, 28, 198, 192 } };
const image_t img1306_00C3 = { 7, 8, { 248, 254, 249, 249, 249, 254, 248 } };
const image_t img1306_00C4 = { 46, 16, { 248, 8, 8, 8, 8, 8, 8, 8, 8, 8, 8, 8, 8, 8, 8, 8, 8, 8, 8, 8, 8, 8, 8, 8, 8, 8, 8, 8, 8, 8, 8, 8, 8, 8, 8, 8, 8, 8, 8, 8, 8, 8, 8, 24, 224, 192, 15, 8, 8, 8, 8, 8, 8, 8, 8, 8, 8, 8, 8, 8, 8, 8, 8, 8, 8, 8, 8, 8, 8, 8, 8, 8, 8, 8, 8, 8, 8, 8, 8, 8, 8, 8, 8, 8, 8, 8, 8, 8, 8, 12, 3, 1 } };
const image_t img1306_00C5 = { 46, 16, { 248, 8, 232, 232, 232, 232, 232, 232, 232, 232, 232, 232, 232, 232, 232, 232, 232, 232, 232, 104, 40, 24, 72, 104, 120, 232, 232, 232, 232, 232, 232, 232, 232, 232, 232, 232, 232, 232, 232, 232, 232, 232, 8, 24, 224, 192, 15, 8, 11, 11, 11, 11, 11, 11, 11, 11, 11, 11, 11, 11, 11, 11, 11, 11, 11, 15, 11, 9, 12, 10, 11, 11, 11, 11, 11, 11, 11, 11, 11, 11, 11, 11, 11, 11, 11, 11, 11, 11, 8, 12, 3, 1 } };
const image_t img1306_00C6 = { 16, 8, { 9, 9, 73, 105, 121, 105, 73, 9, 9, 9, 9, 9, 9, 9, 9, 9 } };
const image_t img1306_00C7 = { 24, 59, { 0, 32, 129, 21, 0, 0, 217, 21, 0, 0, 67, 49, 0, 0, 67, 49, 0, 0, 67, 49, 0, 0, 67, 49, 0, 0, 0, 0, 0, 0, 0, 0, 0, 0, 0, 0, 0, 0, 0, 0, 0, 0, 217, 21, 0, 0, 217, 21, 0, 0, 0, 0, 0, 0, 217, 21, 0, 0, 217, 21, 0, 0, 217, 21, 0, 0, 217, 21, 0, 0, 217, 21, 0, 0, 217, 21, 0, 0, 217, 21, 0, 0, 217, 21, 0, 0, 61, 250, 0, 0, 217, 21, 0, 0, 217, 21, 0, 0, 217, 21, 0, 0, 217, 21, 0, 0, 217, 21, 0, 0, 217, 21, 0, 0, 217, 21, 0, 0, 217, 21, 0, 0, 217, 21, 0, 0, 217, 21, 0, 0, 217, 21, 0, 0, 217, 21, 0, 0, 53, 38, 1, 0, 41, 39, 1, 0, 81, 39, 1, 0, 217, 21, 0, 0, 217, 21, 0, 0, 217, 21, 0, 0, 217, 21, 0, 0, 217, 21, 0, 0, 217, 21, 0, 0, 217, 21, 0, 0, 217, 21, 0, 0, 217, 21, 0, 0, 217, 21, 0, 0, 153, 30 } };
const image_t img1306_00C8 = { 8, 8, { 6, 6, 0, 254, 254, 18, 18, 2 } };
const image_t img1306_00C9 = { 8, 8, { 6, 6, 0, 124, 254, 130, 198, 68 } };
const image_t img1306_00CA = { 20, 8, { 24, 16, 24, 8, 24, 255, 0, 255, 129, 129, 129, 129, 255, 0, 255, 24, 8, 24, 16, 24 } };
const image_t img1306_00CB = { 6, 8, { 56, 68, 130, 146, 170, 68 } };
const image_t img1306_00CC = { 7, 8, { 56, 68, 130, 130, 146, 84, 56 } };
const image_t img1306_00CD = { 6, 8, { 120, 197, 199, 231, 229, 120 } };
const image_t img1306_00CE = { 8, 8, { 0, 0, 0, 0, 0, 0, 0, 0 } };
const image_t img1306_00CF = { 8, 8, { 24, 60, 126, 66, 24, 24, 24, 24 } };
const image_t img1306_00D0 = { 24, 59, { 0, 32, 129, 21, 0, 0, 217, 21, 0, 0, 67, 49, 0, 0, 67, 49, 0, 0, 67, 49, 0, 0, 67, 49, 0, 0, 0, 0, 0, 0, 0, 0, 0, 0, 0, 0, 0, 0, 0, 0, 0, 0, 217, 21, 0, 0, 217, 21, 0, 0, 0, 0, 0, 0, 217, 21, 0, 0, 217, 21, 0, 0, 217, 21, 0, 0, 217, 21, 0, 0, 217, 21, 0, 0, 217, 21, 0, 0, 217, 21, 0, 0, 217, 21, 0, 0, 61, 250, 0, 0, 217, 21, 0, 0, 217, 21, 0, 0, 217, 21, 0, 0, 217, 21, 0, 0, 217, 21, 0, 0, 217, 21, 0, 0, 217, 21, 0, 0, 217, 21, 0, 0, 217, 21, 0, 0, 217, 21, 0, 0, 217, 21, 0, 0, 217, 21, 0, 0, 53, 38, 1, 0, 41, 39, 1, 0, 81, 39, 1, 0, 217, 21, 0, 0, 217, 21, 0, 0, 217, 21, 0, 0, 217, 21, 0, 0, 217, 21, 0, 0, 217, 21, 0, 0, 217, 21, 0, 0, 217, 21, 0, 0, 217, 21, 0, 0, 217, 21, 0, 0, 153, 30 } };
const image_t img1306_00D1 = { 24, 59, { 0, 32, 129, 21, 0, 0, 217, 21, 0, 0, 67, 49, 0, 0, 67, 49, 0, 0, 67, 49, 0, 0, 67, 49, 0, 0, 0, 0, 0, 0, 0, 0, 0, 0, 0, 0, 0, 0, 0, 0, 0, 0, 217, 21, 0, 0, 217, 21, 0, 0, 0, 0, 0, 0, 217, 21, 0, 0, 217, 21, 0, 0, 217, 21, 0, 0, 217, 21, 0, 0, 217, 21, 0, 0, 217, 21, 0, 0, 217, 21, 0, 0, 217, 21, 0, 0, 61, 250, 0, 0, 217, 21, 0, 0, 217, 21, 0, 0, 217, 21, 0, 0, 217, 21, 0, 0, 217, 21, 0, 0, 217, 21, 0, 0, 217, 21, 0, 0, 217, 21, 0, 0, 217, 21, 0, 0, 217, 21, 0, 0, 217, 21, 0, 0, 217, 21, 0, 0, 53, 38, 1, 0, 41, 39, 1, 0, 81, 39, 1, 0, 217, 21, 0, 0, 217, 21, 0, 0, 217, 21, 0, 0, 217, 21, 0, 0, 217, 21, 0, 0, 217, 21, 0, 0, 217, 21, 0, 0, 217, 21, 0, 0, 217, 21, 0, 0, 217, 21, 0, 0, 153, 30 } };
const image_t img1306_00D2 = { 24, 59, { 0, 32, 129, 21, 0, 0, 217, 21, 0, 0, 67, 49, 0, 0, 67, 49, 0, 0, 67, 49, 0, 0, 67, 49, 0, 0, 0, 0, 0, 0, 0, 0, 0, 0, 0, 0, 0, 0, 0, 0, 0, 0, 217, 21, 0, 0, 217, 21, 0, 0, 0, 0, 0, 0, 217, 21, 0, 0, 217, 21, 0, 0, 217, 21, 0, 0, 217, 21, 0, 0, 217, 21, 0, 0, 217, 21, 0, 0, 217, 21, 0, 0, 217, 21, 0, 0, 61, 250, 0, 0, 217, 21, 0, 0, 217, 21, 0, 0, 217, 21, 0, 0, 217, 21, 0, 0, 217, 21, 0, 0, 217, 21, 0, 0, 217, 21, 0, 0, 217, 21, 0, 0, 217, 21, 0, 0, 217, 21, 0, 0, 217, 21, 0, 0, 217, 21, 0, 0, 53, 38, 1, 0, 41, 39, 1, 0, 81, 39, 1, 0, 217, 21, 0, 0, 217, 21, 0, 0, 217, 21, 0, 0, 217, 21, 0, 0, 217, 21, 0, 0, 217, 21, 0, 0, 217, 21, 0, 0, 217, 21, 0, 0, 217, 21, 0, 0, 217, 21, 0, 0, 153, 30 } };
const image_t img1306_00D3 = { 24, 59, { 0, 32, 129, 21, 0, 0, 217, 21, 0, 0, 67, 49, 0, 0, 67, 49, 0, 0, 67, 49, 0, 0, 67, 49, 0, 0, 0, 0, 0, 0, 0, 0, 0, 0, 0, 0, 0, 0, 0, 0, 0, 0, 217, 21, 0, 0, 217, 21, 0, 0, 0, 0, 0, 0, 217, 21, 0, 0, 217, 21, 0, 0, 217, 21, 0, 0, 217, 21, 0, 0, 217, 21, 0, 0, 217, 21, 0, 0, 217, 21, 0, 0, 217, 21, 0, 0, 61, 250, 0, 0, 217, 21, 0, 0, 217, 21, 0, 0, 217, 21, 0, 0, 217, 21, 0, 0, 217, 21, 0, 0, 217, 21, 0, 0, 217, 21, 0, 0, 217, 21, 0, 0, 217, 21, 0, 0, 217, 21, 0, 0, 217, 21, 0, 0, 217, 21, 0, 0, 53, 38, 1, 0, 41, 39, 1, 0, 81, 39, 1, 0, 217, 21, 0, 0, 217, 21, 0, 0, 217, 21, 0, 0, 217, 21, 0, 0, 217, 21, 0, 0, 217, 21, 0, 0, 217, 21, 0, 0, 217, 21, 0, 0, 217, 21, 0, 0, 217, 21, 0, 0, 153, 30 } };
const image_t img1306_00D4 = { 4, 8, { 124, 56, 16, 0 } };
const image_t img1306_00D5 = { 4, 8, { 16, 56, 124, 0 } };
const image_t img1306_00D6 = { 4, 8, { 96, 24, 6, 0 } };
const image_t img1306_00D7 = { 3, 8, { 0, 36, 0 } };
const image_t img1306_00D8 = { 2, 16, { 3, 3, 3, 3 } };
const image_t img1306_00D9 = { 4, 8, { 8, 8, 8, 0 } };
const image_t img1306_00DA = { 20, 8, { 28, 62, 62, 62, 28, 8, 12, 10, 26, 42, 79, 79, 74, 232, 232, 232, 8, 62, 28, 8 } };
const image_t img1306_00DB = { 20, 8, { 128, 112, 14, 1, 14, 112, 128, 112, 14, 1, 14, 112, 128, 98, 5, 2, 8, 126, 136, 64 } };
const image_t img1306_00DC = { 3, 16, { 0, 0, 0, 3, 3, 0 } };
const image_t img1306_00DD = { 3, 16, { 140, 140, 0, 1, 1, 0 } };
const image_t img1306_00DE = { 13, 8, { 63, 255, 192, 120, 192, 255, 63, 0, 254, 254, 8, 248, 240 } };
const image_t img1306_00DF = { 3, 16, { 0, 0, 0, 192, 192, 0 } };
const image_t img1306_00E0 = { 16, 16, { 0, 24, 36, 36, 24, 0, 0, 240, 248, 252, 12, 12, 12, 60, 56, 48, 0, 0, 0, 0, 0, 0, 0, 31, 63, 127, 96, 96, 96, 120, 56, 24 } };
const image_t img1306_00E1 = { 16, 16, { 0, 24, 36, 36, 24, 0, 0, 252, 252, 252, 12, 12, 12, 12, 12, 0, 0, 0, 0, 0, 0, 0, 0, 127, 127, 127, 3, 3, 3, 3, 0, 0 } };
const image_t img1306_00E2 = { 31, 16, { 248, 8, 8, 8, 8, 8, 8, 8, 8, 8, 8, 8, 8, 8, 8, 8, 8, 8, 8, 8, 8, 8, 8, 8, 8, 8, 8, 8, 24, 224, 192, 15, 8, 8, 8, 8, 8, 8, 8, 8, 8, 8, 8, 8, 8, 8, 8, 8, 8, 8, 8, 8, 8, 8, 8, 8, 8, 8, 8, 12, 3, 1 } };
const image_t img1306_00E3 = { 31, 16, { 248, 8, 232, 232, 232, 232, 232, 232, 232, 232, 232, 232, 104, 40, 24, 72, 104, 120, 232, 232, 232, 232, 232, 232, 232, 232, 232, 8, 24, 224, 192, 15, 8, 11, 11, 11, 11, 11, 11, 11, 11, 11, 11, 15, 11, 9, 12, 10, 11, 11, 11, 11, 11, 11, 11, 11, 11, 11, 8, 12, 3, 1 } };
const image_t img1306_00E4 = { 20, 8, { 128, 128, 0, 192, 192, 0, 224, 224, 0, 240, 240, 0, 248, 248, 0, 252, 252, 0, 255, 255 } };
const image_t img1306_00E5 = { 14, 8, { 0, 0, 129, 255, 255, 129, 0, 0, 124, 56, 16, 0, 0, 0 } };
const image_t img1306_00E6 = { 14, 8, { 0, 0, 127, 255, 128, 255, 127, 0, 0, 124, 56, 16, 0, 0 } };
const image_t img1306_00E7 = { 20, 8, { 126, 253, 253, 253, 249, 249, 241, 242, 52, 24, 24, 52, 114, 225, 225, 225, 193, 193, 193, 126 } };
const image_t img1306_00E8 = { 14, 8, { 48, 120, 248, 252, 254, 130, 246, 238, 130, 254, 252, 248, 120, 48 } };
const image_t img1306_00E9 = { 13, 8, { 254, 1, 30, 33, 30, 33, 30, 33, 30, 33, 30, 1, 254 } };
const image_t img1306_00EA = { 14, 8, { 254, 130, 186, 186, 186, 186, 186, 186, 186, 186, 186, 130, 254, 56 } };
const image_t img1306_00EB = { 13, 8, { 254, 1, 30, 33, 30, 33, 30, 33, 30, 33, 30, 1, 254 } };
const image_t img1306_00EC = { 20, 8, { 96, 24, 6, 1, 6, 24, 96, 128, 96, 24, 4, 24, 96, 128, 96, 24, 6, 1, 6, 24 } };
const image_t img1306_00ED = { 24, 59, { 0, 32, 129, 21, 0, 0, 217, 21, 0, 0, 67, 49, 0, 0, 67, 49, 0, 0, 67, 49, 0, 0, 67, 49, 0, 0, 0, 0, 0, 0, 0, 0, 0, 0, 0, 0, 0, 0, 0, 0, 0, 0, 217, 21, 0, 0, 217, 21, 0, 0, 0, 0, 0, 0, 217, 21, 0, 0, 217, 21, 0, 0, 217, 21, 0, 0, 217, 21, 0, 0, 217, 21, 0, 0, 217, 21, 0, 0, 217, 21, 0, 0, 217, 21, 0, 0, 61, 250, 0, 0, 217, 21, 0, 0, 217, 21, 0, 0, 217, 21, 0, 0, 217, 21, 0, 0, 217, 21, 0, 0, 217, 21, 0, 0, 217, 21, 0, 0, 217, 21, 0, 0, 217, 21, 0, 0, 217, 21, 0, 0, 217, 21, 0, 0, 217, 21, 0, 0, 53, 38, 1, 0, 41, 39, 1, 0, 81, 39, 1, 0, 217, 21, 0, 0, 217, 21, 0, 0, 217, 21, 0, 0, 217, 21, 0, 0, 217, 21, 0, 0, 217, 21, 0, 0, 217, 21, 0, 0, 217, 21, 0, 0, 217, 21, 0, 0, 217, 21, 0, 0, 153, 30 } };
const image_t img1306_00EE = { 24, 59, { 0, 32, 129, 21, 0, 0, 217, 21, 0, 0, 67, 49, 0, 0, 67, 49, 0, 0, 67, 49, 0, 0, 67, 49, 0, 0, 0, 0, 0, 0, 0, 0, 0, 0, 0, 0, 0, 0, 0, 0, 0, 0, 217, 21, 0, 0, 217, 21, 0, 0, 0, 0, 0, 0, 217, 21, 0, 0, 217, 21, 0, 0, 217, 21, 0, 0, 217, 21, 0, 0, 217, 21, 0, 0, 217, 21, 0, 0, 217, 21, 0, 0, 217, 21, 0, 0, 61, 250, 0, 0, 217, 21, 0, 0, 217, 21, 0, 0, 217, 21, 0, 0, 217, 21, 0, 0, 217, 21, 0, 0, 217, 21, 0, 0, 217, 21, 0, 0, 217, 21, 0, 0, 217, 21, 0, 0, 217, 21, 0, 0, 217, 21, 0, 0, 217, 21, 0, 0, 53, 38, 1, 0, 41, 39, 1, 0, 81, 39, 1, 0, 217, 21, 0, 0, 217, 21, 0, 0, 217, 21, 0, 0, 217, 21, 0, 0, 217, 21, 0, 0, 217, 21, 0, 0, 217, 21, 0, 0, 217, 21, 0, 0, 217, 21, 0, 0, 217, 21, 0, 0, 153, 30 } };
const image_t img1306_00EF = { 24, 59, { 0, 32, 129, 21, 0, 0, 217, 21, 0, 0, 67, 49, 0, 0, 67, 49, 0, 0, 67, 49, 0, 0, 67, 49, 0, 0, 0, 0, 0, 0, 0, 0, 0, 0, 0, 0, 0, 0, 0, 0, 0, 0, 217, 21, 0, 0, 217, 21, 0, 0, 0, 0, 0, 0, 217, 21, 0, 0, 217, 21, 0, 0, 217, 21, 0, 0, 217, 21, 0, 0, 217, 21, 0, 0, 217, 21, 0, 0, 217, 21, 0, 0, 217, 21, 0, 0, 61, 250, 0, 0, 217, 21, 0, 0, 217, 21, 0, 0, 217, 21, 0, 0, 217, 21, 0, 0, 217, 21, 0, 0, 217, 21, 0, 0, 217, 21, 0, 0, 217, 21, 0, 0, 217, 21, 0, 0, 217, 21, 0, 0, 217, 21, 0, 0, 217, 21, 0, 0, 53, 38, 1, 0, 41, 39, 1, 0, 81, 39, 1, 0, 217, 21, 0, 0, 217, 21, 0, 0, 217, 21, 0, 0, 217, 21, 0, 0, 217, 21, 0, 0, 217, 21, 0, 0, 217, 21, 0, 0, 217, 21, 0, 0, 217, 21, 0, 0, 217, 21, 0, 0, 153, 30 } };
const image_t img1306_00F0 = { 24, 59, { 0, 32, 129, 21, 0, 0, 217, 21, 0, 0, 67, 49, 0, 0, 67, 49, 0, 0, 67, 49, 0, 0, 67, 49, 0, 0, 0, 0, 0, 0, 0, 0, 0, 0, 0, 0, 0, 0, 0, 0, 0, 0, 217, 21, 0, 0, 217, 21, 0, 0, 0, 0, 0, 0, 217, 21, 0, 0, 217, 21, 0, 0, 217, 21, 0, 0, 217, 21, 0, 0, 217, 21, 0, 0, 217, 21, 0, 0, 217, 21, 0, 0, 217, 21, 0, 0, 61, 250, 0, 0, 217, 21, 0, 0, 217, 21, 0, 0, 217, 21, 0, 0, 217, 21, 0, 0, 217, 21, 0, 0, 217, 21, 0, 0, 217, 21, 0, 0, 217, 21, 0, 0, 217, 21, 0, 0, 217, 21, 0, 0, 217, 21, 0, 0, 217, 21, 0, 0, 53, 38, 1, 0, 41, 39, 1, 0, 81, 39, 1, 0, 217, 21, 0, 0, 217, 21, 0, 0, 217, 21, 0, 0, 217, 21, 0, 0, 217, 21, 0, 0, 217, 21, 0, 0, 217, 21, 0, 0, 217, 21, 0, 0, 217, 21, 0, 0, 217, 21, 0, 0, 153, 30 } };
const image_t img1306_00F1 = { 4, 24, { 0, 0, 0, 0, 0, 0, 0, 0, 0, 24, 24, 0 } };
const image_t img1306_00F2 = { 5, 8, { 96, 254, 254, 96, 10 } };
const image_t img1306_00F3 = { 17, 8, { 96, 208, 201, 199, 193, 199, 201, 208, 60, 66, 129, 129, 157, 145, 145, 66, 60 } };
const image_t img1306_00F4 = { 20, 8, { 60, 66, 153, 189, 189, 153, 66, 90, 90, 90, 90, 90, 90, 82, 66, 66, 66, 102, 60, 24 } };
const image_t img1306_00F5 = { 20, 8, { 24, 126, 129, 145, 137, 133, 137, 145, 161, 149, 141, 157, 129, 126, 90, 90, 90, 90, 90, 126 } };
const image_t img1306_00F6 = { 20, 8, { 255, 255, 12, 24, 48, 255, 255, 0, 192, 48, 12, 3, 0, 252, 254, 35, 35, 254, 252, 0 } };
const image_t img1306_00F7 = { 4, 32, { 0, 0, 0, 0, 0, 0, 0, 0, 0, 0, 0, 0, 240, 240, 240, 240 } };
const image_t img1306_00F8 = { 20, 8, { 248, 140, 134, 131, 77, 75, 40, 52, 252, 140, 134, 131, 77, 75, 40, 36, 20, 20, 10, 14 } };
const image_t img1306_00F9 = { 17, 8, { 60, 66, 161, 193, 161, 193, 161, 193, 161, 193, 161, 193, 98, 60, 60, 60, 24 } };
const image_t img1306_00FA = { 15, 8, { 255, 129, 129, 129, 0, 126, 18, 50, 76, 0, 129, 129, 129, 255, 60 } };
const image_t img1306_00FB = { 6, 8, { 0, 72, 72, 72, 0, 0 } };
const image_t img1306_00FC = { 6, 8, { 0, 8, 8, 62, 8, 8 } };
const image_t img1306_00FD = { 6, 8, { 0, 8, 8, 8, 8, 8 } };
const image_t img1306_00FE = { 64, 64, { 0, 0, 0, 0, 0, 0, 0, 0, 0, 0, 0, 0, 0, 0, 16, 248, 0, 16, 248, 0, 0, 0, 0, 0, 0, 0, 0, 0, 4, 254, 0, 224, 18, 18, 18, 12, 0, 0, 0, 0, 0, 0, 0, 0, 0, 0, 16, 248, 0, 0, 0, 0, 0, 0, 0, 0, 0, 0, 0, 0, 0, 0, 0, 0, 0, 0, 0, 64, 224, 0, 192, 32, 32, 192, 0, 0, 0, 0, 0, 7, 0, 0, 7, 0, 0, 0, 0, 0, 0, 0, 0, 0, 0, 1, 0, 0, 1, 1, 1, 0, 0, 0, 0, 0, 0, 0, 0, 0, 0, 0, 0, 7, 0, 0, 0, 0, 0, 0, 0, 0, 0, 32, 32, 32, 192, 0, 0, 0, 0, 0, 0, 0, 31, 0, 15, 16, 16, 15, 0, 0, 0, 0, 0, 0, 0, 0, 0, 0, 0, 0, 0, 0, 0, 0, 0, 0, 0, 0, 0, 0, 0, 0, 0, 0, 0, 0, 0, 0, 0, 0, 0, 0, 0, 0, 0, 0, 0, 0, 0, 0, 0, 0, 0, 0, 14, 17, 17, 17, 0, 0, 0, 0, 0, 96, 144, 144, 96, 0, 0, 0, 0, 0, 0, 0, 0, 0, 0, 0, 0, 0, 0, 0, 0, 0, 0, 0, 0, 0, 0, 0, 0, 0, 0, 0, 0, 0, 0, 0, 0, 0, 0, 0, 0, 0, 0, 0, 0, 0, 0, 0, 0, 0, 0, 0, 0, 0, 0, 0, 0, 0, 0, 16, 144, 144, 96, 0, 0, 0, 8, 8, 7, 0, 0, 0, 0, 0, 0, 0, 0, 0, 0, 0, 0, 0, 0, 0, 0, 0, 0, 0, 0, 0, 0, 0, 0, 0, 0, 0, 0, 0, 0, 0, 0, 0, 0, 0, 0, 0, 0, 0, 0, 0, 0, 0, 0, 0, 0, 0, 0, 0, 0, 0, 0, 0, 0, 8, 8, 8, 7, 0, 0, 0, 0, 0, 176, 72, 72, 176, 0, 0, 0, 0, 0, 0, 0, 0, 0, 0, 0, 0, 0, 0, 0, 0, 0, 0, 0, 0, 0, 0, 0, 0, 0, 0, 0, 0, 0, 0, 0, 0, 0, 0, 0, 0, 0, 0, 0, 0, 0, 0, 0, 0, 0, 0, 0, 0, 120, 128, 128, 120, 0, 0, 0, 0, 0, 0, 0, 0, 3, 4, 4, 3, 0, 0, 0, 0, 0, 0, 32, 32, 32, 192, 0, 0, 0, 0, 0, 0, 0, 0, 0, 0, 0, 0, 0, 128, 128, 0, 0, 0, 0, 0, 0, 0, 0, 0, 0, 0, 0, 224, 32, 32, 32, 0, 0, 0, 0, 0, 0, 0, 0, 0, 0, 7, 0, 0, 0, 0, 0, 0, 0, 0, 0, 0, 0, 0, 0, 0, 0, 0, 0, 0, 0, 0, 0, 31, 0, 0, 0, 0, 0, 0, 0, 0, 0, 0, 0, 0, 59, 68, 68, 56, 0, 0, 0, 0, 0, 0, 0, 0, 0, 0, 0, 16, 17, 17, 14, 0, 0, 0, 0, 0, 0, 0, 0, 0, 0, 0, 0, 0, 0, 0 } };
const image_t img1306_00FF = { 64, 128, { 0, 0, 0, 0, 96, 240, 144, 144, 48, 32, 0, 240, 240, 96, 192, 96, 240, 240, 0, 240, 240, 144, 144, 144, 16, 0, 0, 0, 0, 0, 0, 0, 0, 0, 0, 0, 0, 0, 0, 0, 0, 0, 0, 0, 0, 0, 0, 0, 0, 0, 0, 0, 0, 0, 0, 0, 0, 0, 0, 0, 0, 0, 0, 0, 0, 0, 0, 0, 4, 12, 9, 9, 15, 6, 0, 15, 15, 0, 0, 0, 15, 15, 0, 15, 15, 8, 8, 8, 8, 0, 0, 0, 0, 0, 32, 64, 0, 128, 0, 0, 0, 0, 0, 128, 0, 0, 0, 0, 0, 0, 0, 0, 128, 0, 0, 0, 0, 128, 0, 4, 48, 64, 16, 0, 0, 0, 0, 0, 0, 0, 16, 32, 32, 64, 64, 128, 0, 0, 0, 32, 0, 208, 0, 0, 128, 128, 68, 0, 32, 0, 0, 128, 4, 0, 9, 0, 0, 24, 0, 0, 0, 128, 1, 2, 8, 16, 46, 128, 0, 0, 9, 248, 0, 0, 0, 66, 66, 128, 4, 136, 96, 80, 68, 34, 17, 16, 0, 0, 0, 0, 0, 0, 0, 8, 0, 17, 32, 32, 128, 0, 129, 18, 4, 8, 216, 7, 1, 0, 0, 0, 0, 0, 32, 32, 0, 64, 192, 128, 128, 0, 0, 0, 96, 0, 0, 0, 1, 2, 32, 7, 128, 6, 12, 0, 48, 72, 131, 252, 128, 96, 16, 12, 3, 0, 0, 0, 0, 0, 0, 0, 0, 0, 0, 0, 0, 0, 1, 0, 0, 4, 40, 9, 16, 144, 32, 32, 40, 48, 59, 66, 64, 130, 8, 0, 0, 0, 16, 0, 4, 6, 9, 0, 0, 1, 1, 33, 17, 10, 36, 13, 16, 48, 96, 64, 128, 129, 190, 192, 0, 0, 0, 239, 185, 0, 0, 64, 64, 128, 240, 0, 0, 0, 0, 0, 0, 0, 0, 0, 0, 0, 2, 136, 144, 32, 1, 18, 97, 0, 224, 16, 9, 0, 0, 0, 0, 0, 3, 3, 0, 36, 40, 16, 32, 192, 192, 48, 32, 48, 24, 0, 0, 0, 192, 0, 0, 0, 0, 1, 16, 15, 0, 0, 193, 241, 143, 128, 1, 254, 128, 96, 16, 12, 3, 0, 0, 0, 0, 0, 0, 0, 0, 0, 0, 0, 1, 1, 0, 0, 41, 9, 2, 35, 3, 130, 132, 68, 40, 24, 24, 40, 36, 36, 66, 194, 128, 128, 4, 4, 47, 12, 24, 16, 16, 16, 17, 17, 26, 28, 152, 8, 8, 8, 29, 254, 194, 161, 241, 56, 24, 133, 67, 3, 37, 16, 8, 8, 4, 0, 2, 0, 0, 0, 0, 0, 0, 0, 0, 0, 0, 0, 0, 0, 64, 1, 0, 2, 144, 128, 64, 64, 32, 48, 24, 24, 12, 6, 3, 65, 38, 16, 15, 26, 242, 192, 0, 16, 144, 16, 16, 208, 80, 48, 184, 141, 196, 99, 49, 44, 26, 255, 239, 2, 193, 0, 0, 0, 0, 0, 0, 0, 0, 0, 0, 0, 0, 0, 0, 0, 0, 0, 0, 0, 0, 36, 5, 4, 6, 22, 18, 9, 4, 7, 12, 9, 16, 0, 0, 0, 16, 2, 2, 0, 8, 0, 0, 0, 128, 1, 7, 246, 28, 28, 115, 192, 224, 112, 63, 25, 24, 12, 12, 6, 7, 3, 3, 1, 0, 0, 0, 0, 0, 0, 0, 0, 0, 0, 0, 0, 0, 0, 0, 0, 0, 0, 0, 0, 0, 0, 0, 0, 0, 0, 0, 0, 0, 0, 128, 128, 192, 192, 64, 64, 64, 64, 144, 144, 136, 200, 200, 128, 132, 196, 194, 137, 240, 252, 31, 15, 25, 0, 0, 0, 0, 0, 0, 0, 0, 0, 0, 0, 0, 0, 0, 0, 240, 224, 224, 224, 224, 240, 0, 0, 0, 0, 0, 0, 0, 0, 0, 0, 192, 96, 32, 16, 104, 24, 4, 2, 1, 17, 16, 16, 32, 0, 64, 128, 32, 32, 32, 32, 32, 160, 160, 96, 32, 32, 224, 48, 33, 51, 23, 30, 28, 56, 112, 240, 224, 192, 128, 0, 0, 0, 0, 0, 0, 0, 0, 0, 3, 255, 255, 255, 255, 255, 254, 252, 248, 240, 192, 0, 0, 0, 0, 0, 1, 0, 0, 0, 0, 0, 0, 96, 64, 128, 128, 130, 150, 28, 24, 17, 17, 22, 22, 28, 48, 224, 192, 128, 128, 131, 128, 129, 128, 128, 192, 64, 64, 64, 64, 64, 64, 97, 99, 39, 46, 60, 56, 120, 112, 224, 192, 128, 248, 252, 255, 255, 255, 255, 255, 255, 255, 255, 7, 0, 0, 0, 0, 0, 0, 64, 128, 128, 32, 192, 0, 0, 0, 0, 0, 192, 112, 153, 9, 13, 7, 3, 1, 1, 1, 1, 1, 1, 24, 4, 2, 1, 0, 0, 0, 0, 0, 0, 0, 0, 0, 0, 0, 0, 0, 0, 0, 0, 0, 0, 1, 3, 7, 7, 15, 15, 255, 255, 63, 63, 127, 115, 240, 224, 224, 224, 224, 240, 0, 12, 4, 6, 3, 1, 1, 1, 10, 6, 1, 0, 0, 1, 0, 0, 0, 0, 0, 0, 0, 0, 0, 0, 0, 0, 0, 0, 0, 0, 0, 0, 0, 0, 0, 0, 0, 0, 0, 0, 0, 0, 0, 0, 0, 0, 0, 0, 0, 0, 0, 48, 32, 63, 31, 0, 0, 0, 0, 0, 0, 1, 1, 3, 0, 0, 0, 0, 0, 0, 0, 0, 0, 0, 0, 0, 0, 0, 0, 0, 0, 0, 0, 0, 0, 0, 0, 0, 0, 0, 0, 0, 0, 0, 0, 0, 0, 0, 0, 0, 0, 0, 0, 0, 0, 0, 0, 0, 0, 0, 0, 0, 0, 0, 0, 0, 0, 0, 0, 0, 0, 0, 0, 0, 0, 0, 0, 0, 0, 0, 0, 0, 0, 0, 0, 0, 0, 0, 0, 0, 0, 0, 0, 0, 0, 0, 0, 0, 0, 0, 0, 0, 0, 0, 0, 0, 0, 0, 0, 0, 0, 0, 0, 0, 0, 0, 0, 0, 0, 0, 0, 0, 0, 0, 0, 0, 0, 0, 0, 0, 0, 0, 0, 0, 0, 0, 0, 0, 0, 0, 0, 0 } };

